MUNIC,ESTADOS,CODIGO_MUN
UIRAMUTA,RORAIMA,140070
PACARAIMA,RORAIMA,140045
OIAPOQUE,AMAPA,160050
AMAJARI,RORAIMA,140002
NORMANDIA,RORAIMA,140040
CALCOENE,AMAPA,160020
ALTO ALEGRE,RORAIMA,140005
BOA VISTA,RORAIMA,140010
BONFIM,RORAIMA,140015
MUCAJAI,RORAIMA,140030
CANTA,RORAIMA,140017
IRACEMA,RORAIMA,140028
ALMEIRIM,PARA,150050
ORIXIMINA,PARA,150530
VITORIA DO JARI,AMAPA,160080
SERRA DO NAVIO,AMAPA,160005
OBIDOS,PARA,150510
SAO GABRIEL DA CACHOEIRA,AMAZONAS,130380
BARCELOS,AMAZONAS,130040
AMAPA,AMAPA,160010
PEDRA BRANCA DO AMAPARI,AMAPA,160015
CARACARAI,RORAIMA,140020
PRACUUBA,AMAPA,160055
TARTARUGALZINHO,AMAPA,160070
CAROEBE,RORAIMA,140023
ALENQUER,PARA,150040
CUTIAS,AMAPA,160021
FERREIRA GOMES,AMAPA,160023
SANTA ISABEL DO RIO NEGRO,AMAZONAS,130360
SAO JOAO DA BALIZA,RORAIMA,140050
MACAPA,AMAPA,160030
RORAINOPOLIS,RORAIMA,140047
SAO LUIZ,RORAIMA,140060
PORTO GRANDE,AMAPA,160053
MAZAGAO,AMAPA,160040
ITAUBAL,AMAPA,160025
CHAVES,PARA,150250
SANTANA,AMAPA,160060
MONTE ALEGRE,PARA,150480
URUCARA,AMAZONAS,130430
NHAMUNDA,AMAZONAS,130300
AFUA,PARA,150030
JAPURA,AMAZONAS,130210
PRESIDENTE FIGUEIREDO,AMAZONAS,130353
FARO,PARA,150300
SOURE,PARA,150790
ANAJAS,PARA,150070
SANTA CRUZ DO ARARI,PARA,150640
CACHOEIRA DO ARARI,PARA,150200
GURUPA,PARA,150310
NOVO AIRAO,AMAZONAS,130320
BREVES,PARA,150180
MARAPANIM,PARA,150440
CURUCA,PARA,150290
MARACANA,PARA,150430
SAO CAETANO DE ODIVELAS,PARA,150710
SALINOPOLIS,PARA,150620
SAO JOAO DE PIRABAS,PARA,150747
SALVATERRA,PARA,150630
PONTA DE PEDRAS,PARA,150570
QUATIPURU,PARA,150611
MAGALHAES BARATA,PARA,150410
VIGIA,PARA,150820
TRACUATEUA,PARA,150803
SAO JOAO DA PONTA,PARA,150746
COLARES,PARA,150260
BRAGANCA,PARA,150170
LARANJAL DO JARI,AMAPA,160027
SANTAREM NOVO,PARA,150690
PRIMAVERA,PARA,150610
AUGUSTO CORREA,PARA,150090
VISEU,PARA,150830
MUANA,PARA,150490
TERRA ALTA,PARA,150796
PEIXE-BOI,PARA,150560
NOVA TIMBOTEUA,PARA,150500
CAPANEMA,PARA,150220
IGARAPE-ACU,PARA,150320
PRAINHA,PARA,150600
SANTO ANTONIO DO TAUA,PARA,150700
BELEM,PARA,150140
CASTANHAL,PARA,150240
SAO FRANCISCO DO PARA,PARA,150740
CARUTAPERA,MARANHAO,210290
SANTA BARBARA DO PARA,PARA,150635
MELGACO,PARA,150450
LUIS DOMINGUES,MARANHAO,210620
CANDIDO MENDES,MARANHAO,210260
GODOFREDO VIANA,MARANHAO,210430
SAO SEBASTIAO DO UATUMA,AMAZONAS,130395
SAO SEBASTIAO DA BOA VISTA,PARA,150770
SANTA ISABEL DO PARA,PARA,150650
BARCARENA,PARA,150130
ANANINDEUA,PARA,150080
BONITO,PARA,150160
SANTA MARIA DO PARA,PARA,150660
BENEVIDES,PARA,150150
SERRANO DO MARANHAO,MARANHAO,211178
SANTA LUZIA DO PARA,PARA,150655
TURIACU,MARANHAO,211240
MARITUBA,PARA,150442
CURRALINHO,PARA,150280
INHANGAPI,PARA,150340
APICUM-ACU,MARANHAO,210083
OUREM,PARA,150540
CURUA,PARA,150285
MARAA,AMAZONAS,130280
SAO MIGUEL DO GUAMA,PARA,150760
BUJARU,PARA,150190
ACARA,PARA,150020
AMAPA DO MARANHAO,MARANHAO,210055
PORTO DE MOZ,PARA,150590
BACURI,MARANHAO,210130
ABAETETUBA,PARA,150010
CAPITAO POCO,PARA,150230
IRITUIA,PARA,150350
CACHOEIRA DO PIRIA,PARA,150195
BOA VISTA DO GURUPI,MARANHAO,210197
SAO DOMINGOS DO CAPIM,PARA,150720
TERRA SANTA,PARA,150797
MOJU,PARA,150470
CONCORDIA DO PARA,PARA,150275
IGARAPE-MIRI,PARA,150330
LIMOEIRO DO AJURU,PARA,150400
CURURUPU,MARANHAO,210370
JUNCO DO MARANHAO,MARANHAO,210565
PORTEL,PARA,150580
PORTO RICO DO MARANHAO,MARANHAO,210905
OEIRAS DO PARA,PARA,150520
GOVERNADOR NUNES FREIRE,MARANHAO,210467
BAGRE,PARA,150110
NOVA ESPERANCA DO PIRIA,PARA,150495
TURILANDIA,MARANHAO,211245
MAE DO RIO,PARA,150405
GARRAFAO DO NORTE,PARA,150307
MARACACUME,MARANHAO,210632
CEDRAL,MARANHAO,210310
MIRINZAL,MARANHAO,210680
CAMETA,PARA,150210
MANAUS,AMAZONAS,130260
FONTE BOA,AMAZONAS,130160
JURUTI,PARA,150390
AURORA DO PARA,PARA,150095
SANTA HELENA,MARANHAO,210980
GUIMARAES,MARANHAO,210490
CENTRO NOVO DO MARANHAO,MARANHAO,210317
RIO PRETO DA EVA,AMAZONAS,130356
SANTAREM,PARA,150680
TOME-ACU,PARA,150800
ALCANTARA,MARANHAO,210020
CODAJAS,AMAZONAS,130130
CENTRAL DO MARANHAO,MARANHAO,210312
CENTRO DO GUILHERME,MARANHAO,210315
TONANTINS,AMAZONAS,130423
MARANHAOZINHO,MARANHAO,210637
PINHEIRO,MARANHAO,210860
HUMBERTO DE CAMPOS,MARANHAO,210500
ITAPIRANGA,AMAZONAS,130200
PARINTINS,AMAZONAS,130340
COARI,AMAZONAS,130120
BEQUIMAO,MARANHAO,210190
UARINI,AMAZONAS,130426
IPIXUNA DO PARA,PARA,150345
PRESIDENTE MEDICI,MARANHAO,210923
PRIMEIRA CRUZ,MARANHAO,210940
SANTO AMARO DO MARANHAO,MARANHAO,211027
ICATU,MARANHAO,210510
SANTA LUZIA DO PARUA,MARANHAO,211003
JUTAI,AMAZONAS,130230
RAPOSA,MARANHAO,210945
TAILANDIA,PARA,150795
PARAGOMINAS,PARA,150550
PRESIDENTE SARNEY,MARANHAO,210927
MOCAJUBA,PARA,150460
PERI MIRIM,MARANHAO,210840
SANTO ANTONIO DO ICA,AMAZONAS,130370
JURUA,AMAZONAS,130220
BARREIRINHAS,MARANHAO,210170
URUCURITUBA,AMAZONAS,130440
PACO DO LUMIAR,MARANHAO,210750
SAO LUIS,MARANHAO,211130
SAO JOSE DE RIBAMAR,MARANHAO,211120
SENADOR JOSE PORFIRIO,PARA,150780
ITACOATIARA,AMAZONAS,130190
PALMEIRANDIA,MARANHAO,210760
BELTERRA,PARA,150145
SILVES,AMAZONAS,130400
BACURITUBA,MARANHAO,210135
BARREIRINHA,AMAZONAS,130050
CAAPIRANGA,AMAZONAS,130083
SAO BENTO,MARANHAO,211050
PAULINO NEVES,MARANHAO,210805
NOVA OLINDA DO MARANHAO,MARANHAO,210735
BAIAO,PARA,150120
MEDICILANDIA,PARA,150445
CAJAPIO,MARANHAO,210240
BRASIL NOVO,PARA,150172
TUTOIA,MARANHAO,211250
ARAIOSES,MARANHAO,210090
AXIXA,MARANHAO,210110
ROSARIO,MARANHAO,210960
MANACAPURU,AMAZONAS,130250
PEDRO DO ROSARIO,MARANHAO,210825
ILHA GRANDE,PIAUI,220465
ANAPU,PARA,150085
AGUA DOCE DO MARANHAO,MARANHAO,210015
BACABEIRA,MARANHAO,210125
PARNAIBA,PIAUI,220770
JIJOCA DE JERICOACOARA,CEARA,230725
VITORIA DO XINGU,PARA,150835
SAO VICENTE FERRER,MARANHAO,211170
BOA VISTA DO RAMOS,AMAZONAS,130068
MORROS,MARANHAO,210710
CRUZ,CEARA,230425
ACARAU,CEARA,230020
IRANDUBA,AMAZONAS,130185
CAMOCIM,CEARA,230260
ITAREMA,CEARA,230655
LUIS CORREIA,PIAUI,220570
SAO JOAO BATISTA,MARANHAO,211100
ALTAMIRA,PARA,150060
ARAGUANA,MARANHAO,210087
BARROQUINHA,CEARA,230205
URUARA,PARA,150815
OLINDA NOVA DO MARANHAO,MARANHAO,210745
CACHOEIRA GRANDE,MARANHAO,210237
CAJUEIRO DA PRAIA,PIAUI,220208
PRESIDENTE JUSCELINO,MARANHAO,210920
BELA CRUZ,CEARA,230230
VIANA,MARANHAO,211280
MATINHA,MARANHAO,210650
BELAGUA,MARANHAO,210173
CHAVAL,CEARA,230390
ITAPIPOCA,CEARA,230640
BOM PRINCIPIO DO PIAUI,PIAUI,220191
SANTA RITA,MARANHAO,211020
SANTA QUITERIA DO MARANHAO,MARANHAO,211010
GRANJA,CEARA,230470
ANAJATUBA,MARANHAO,210070
URBANO SANTOS,MARANHAO,211260
SANTANA DO MARANHAO,MARANHAO,211023
ALVARAES,AMAZONAS,130002
BURITI DOS LOPES,PIAUI,220200
CAREIRO DA VARZEA,AMAZONAS,130115
MARCO,CEARA,230780
AMATURA,AMAZONAS,130006
MARTINOPOLE,CEARA,230790
SAO BERNARDO,MARANHAO,211060
AMONTADA,CEARA,230075
ZE DOCA,MARANHAO,211400
PACAJA,PARA,150548
MAGALHAES DE ALMEIDA,MARANHAO,210630
SENADOR SA,CEARA,231280
SAO BENEDITO DO RIO PRETO,MARANHAO,211040
PENALVA,MARANHAO,210830
MAUES,AMAZONAS,130290
SAO PAULO DE OLIVENCA,AMAZONAS,130390
TRAIRI,CEARA,231350
PRESIDENTE VARGAS,MARANHAO,210930
MORRINHOS,CEARA,230890
URUOCA,CEARA,231390
NINA RODRIGUES,MARANHAO,210720
MURICI DOS PORTELAS,PIAUI,220669
AVEIRO,PARA,150100
MONCAO,MARANHAO,210690
COCAL,PIAUI,220270
AUTAZES,AMAZONAS,130030
CAXINGO,PIAUI,220265
CAJARI,MARANHAO,210250
ARARI,MARANHAO,210100
ANAMA,AMAZONAS,130008
TEFE,AMAZONAS,130420
CAREIRO,AMAZONAS,130110
GOVERNADOR NEWTON BELLO,MARANHAO,210465
VITORIA DO MEARIM,MARANHAO,211290
ITAPECURU MIRIM,MARANHAO,210540
SANTANA DO ACARAU,CEARA,231200
MANAQUIRI,AMAZONAS,130255
LITIGIO CE/PI,,999999
CHAPADINHA,MARANHAO,210320
PARAIPABA,CEARA,231025
VICOSA DO CEARA,CEARA,231410
JOAQUIM PIRES,PIAUI,220540
PLACAS,PARA,150565
MASSAPE,CEARA,230800
MORAUJO,CEARA,230880
ANAPURUS,MARANHAO,210080
MILAGRES DO MARANHAO,MARANHAO,210667
PARACURU,CEARA,231020
MIRAIMA,CEARA,230837
BREU BRANCO,PARA,150178
TURURU,CEARA,231355
LUZILANDIA,PIAUI,220580
TIANGUA,CEARA,231340
MIRANDA DO NORTE,MARANHAO,210675
ULIANOPOLIS,PARA,150812
MADEIRO,PIAUI,220585
CARAUBAS DO PIAUI,PIAUI,220253
JOCA MARQUES,PIAUI,220545
BOM JARDIM,MARANHAO,210200
SAO GONCALO DO AMARANTE,CEARA,231240
SAO JOAO DO CARU,MARANHAO,211102
VARGEM GRANDE,MARANHAO,211270
COREAU,CEARA,230400
ALCANTARAS,CEARA,230050
MERUOCA,CEARA,230820
TUCURUI,PARA,150810
MATA ROMA,MARANHAO,210640
COCAL DOS ALVES,PIAUI,220272
BREJO,MARANHAO,210210
CANTANHEDE,MARANHAO,210270
GOIANESIA DO PARA,PARA,150309
CAUCAIA,CEARA,230370
NOVA OLINDA DO NORTE,AMAZONAS,130310
URUBURETAMA,CEARA,231380
PINDARE MIRIM,MARANHAO,210850
MATOES DO NORTE,MARANHAO,210663
SOBRAL,CEARA,231290
PIRACURUCA,PIAUI,220830
UMIRIM,CEARA,231375
IGARAPE DO MEIO,MARANHAO,210515
SAO LUIS DO CURU,CEARA,231260
MORRO DO CHAPEU DO PIAUI,PIAUI,220667
LITIGIO CE/PI,,999999
ESPERANTINA,PIAUI,220370
IRAUCUBA,CEARA,230610
MATIAS OLIMPIO,PIAUI,220610
ALTO ALEGRE DO PINDARE,MARANHAO,210047
ITAPAGE,CEARA,230630
BERURI,AMAZONAS,130063
PIRAPEMAS,MARANHAO,210880
ANORI,AMAZONAS,130010
SANTA INES,MARANHAO,210990
FRECHEIRINHA,CEARA,230450
SANTA LUZIA,MARANHAO,211000
ITAITUBA,PARA,150360
CONCEICAO DO LAGO-ACU,MARANHAO,210355
BATALHA,PIAUI,220150
SAO JOSE DO DIVINO,PIAUI,221005
BELA VISTA DO MARANHAO,MARANHAO,210177
PENTECOSTE,CEARA,231070
TABATINGA,AMAZONAS,130406
BURITI,MARANHAO,210220
FORTALEZA,CEARA,230440
SAO JOAO DA FRONTEIRA,PIAUI,220987
CAMPO LARGO DO PIAUI,PIAUI,220217
TUFILANDIA,MARANHAO,211227
FORQUILHA,CEARA,230435
SATUBINHA,MARANHAO,211172
RUROPOLIS,PARA,150619
PIO XII,MARANHAO,210870
SAO JOAO DO ARRAIAL,PIAUI,220997
TEJUCUOCA,CEARA,231335
UBAJARA,CEARA,231360
DOM ELISEU,PARA,150293
PORTO,PIAUI,220850
MARACANAU,CEARA,230765
FERNANDO DE NORONHA,PERNAMBUCO,260545
GROAIRAS,CEARA,230490
EUSEBIO,CEARA,230428
CARIRE,CEARA,230310
AQUIRAZ,CEARA,230100
MUCAMBO,CEARA,230900
APUIARES,CEARA,230090
SAO MATEUS DO MARANHAO,MARANHAO,211150
LAGO VERDE,MARANHAO,210590
MARANGUAPE,CEARA,230770
COROATA,MARANHAO,210360
BORBA,AMAZONAS,130080
NOVO REPARTIMENTO,PARA,150506
BACABAL,MARANHAO,210120
IBIAPINA,CEARA,230530
OLHO D'AGUA DAS CUNHAS,MARANHAO,210740
PACATUBA,CEARA,230970
ITAITINGA,CEARA,230625
VITORINO FREIRE,MARANHAO,211300
NOSSA SENHORA DOS REMEDIOS,PIAUI,220680
BARRAS,PIAUI,220120
SANTA QUITERIA,CEARA,231220
TIMBIRAS,MARANHAO,211210
PACUJA,CEARA,230990
BREJO DE AREIA,MARANHAO,210215
GRACA,CEARA,230465
GENERAL SAMPAIO,CEARA,230460
SAO BENEDITO,CEARA,231230
MIGUEL ALVES,PIAUI,220620
CASCAVEL,CEARA,230350
GUAIUBA,CEARA,230495
PINDORETAMA,CEARA,231085
RONDON DO PARA,PARA,150618
COELHO NETO,MARANHAO,210340
DUQUE BACELAR,MARANHAO,210390
RERIUTABA,CEARA,231170
BRASILEIRA,PIAUI,220196
VARJOTA,CEARA,231395
HORIZONTE,CEARA,230523
PARAMOTI,CEARA,231040
CARIDADE,CEARA,230300
CARNAUBAL,CEARA,230340
CANINDE,CEARA,230280
ALTAMIRA DO MARANHAO,MARANHAO,210040
PALMACIA,CEARA,231010
AFONSO CUNHA,MARANHAO,210010
BOM LUGAR,MARANHAO,210207
ALTO ALEGRE DO MARANHAO,MARANHAO,210043
BEBERIBE,CEARA,230220
BURITICUPU,MARANHAO,210232
GUARACIABA DO NORTE,CEARA,230500
ATALAIA DO NORTE,AMAZONAS,130020
PACAJUS,CEARA,230960
DOMINGOS MOURAO,PIAUI,220342
PACOTI,CEARA,230980
GUARAMIRANGA,CEARA,230510
PAULO RAMOS,MARANHAO,210810
ACARAPE,CEARA,230015
PIRIPIRI,PIAUI,220840
REDENCAO,CEARA,231160
LAGO DA PEDRA,MARANHAO,210570
CODO,MARANHAO,210330
BOM JESUS DAS SELVAS,MARANHAO,210203
PIRES FERREIRA,CEARA,231095
IPU,CEARA,230580
PEDRO II,PIAUI,220790
ALDEIAS ALTAS,MARANHAO,210030
MULUNGU,CEARA,230910
CHOROZINHO,CEARA,230395
BATURITE,CEARA,230210
BARREIRA,CEARA,230195
ACAILANDIA,MARANHAO,210005
LAGO DO JUNCO,MARANHAO,210580
SAO LUIS GONZAGA DO MARANHAO,MARANHAO,211140
LAGOA DE SAO FRANCISCO,PIAUI,220557
BENJAMIN CONSTANT,AMAZONAS,130060
BOA HORA,PIAUI,220177
HIDROLANDIA,CEARA,230520
PERITORO,MARANHAO,210845
ITINGA DO MARANHAO,MARANHAO,210542
CROATA,CEARA,230423
CARAUARI,AMAZONAS,130100
ARACOIABA,CEARA,230120
LITIGIO CE/PI,,999999
JACUNDA,PARA,150380
CABECEIRAS DO PIAUI,PIAUI,220205
CAPISTRANO,CEARA,230290
UNIAO,PIAUI,221110
CAPITAO DE CAMPOS,PIAUI,220240
ARATUBA,CEARA,230140
OCARA,CEARA,230945
CAXIAS,MARANHAO,210300
FORTIM,CEARA,230445
LIMA CAMPOS,MARANHAO,210600
LAGO DOS RODRIGUES,MARANHAO,210594
PEDREIRAS,MARANHAO,210820
LAGOA ALEGRE,PIAUI,220555
IPUEIRAS,CEARA,230590
ARACATI,CEARA,230110
BOQUEIRAO DO PIAUI,PIAUI,220194
TRIZIDELA DO VALE,MARANHAO,211223
CATUNDA,CEARA,230365
ITATIRA,CEARA,230660
ITAPIUNA,CEARA,230650
JOSE DE FREITAS,PIAUI,220550
MORADA NOVA,CEARA,230870
NOVA RUSSAS,CEARA,230930
COCAL DE TELHA,PIAUI,220271
TAPAUA,AMAZONAS,130410
NOSSA SENHORA DE NAZARE,PIAUI,220675
IGARAPE GRANDE,MARANHAO,210520
BERNARDO DO MEARIM,MARANHAO,210193
TRAIRAO,PARA,150805
CAPINZAL DO NORTE,MARANHAO,210275
LAGOA GRANDE DO MARANHAO,MARANHAO,210596
CAMPO MAIOR,PIAUI,220220
TAMBORIL,CEARA,231320
MILTON BRANDAO,PIAUI,220635
MARAJA DO SENA,MARANHAO,210635
POCAO DE PEDRAS,MARANHAO,210890
PALHANO,CEARA,231000
RUSSAS,CEARA,231180
IBARETAMA,CEARA,230526
ICAPUI,CEARA,230535
CHORO,CEARA,230393
PORANGA,CEARA,231100
ITAICABA,CEARA,230620
QUIXADA,CEARA,231130
JATOBA DO PIAUI,PIAUI,220527
ARARENDA,CEARA,230125
SANTO ANTONIO DOS LOPES,MARANHAO,211030
ARAME,MARANHAO,210095
ITUPIRANGA,PARA,150370
NOVA IPIXUNA,PARA,150497
BOA VIAGEM,CEARA,230240
MADALENA,CEARA,230763
SIGEFREDO PACHECO,PIAUI,221065
BOM JESUS DO TOCANTINS,PARA,150157
MANICORE,AMAZONAS,130270
JAGUARUANA,CEARA,230700
MONSENHOR TABOSA,CEARA,230860
BURITI DOS MONTES,PIAUI,220202
ESPERANTINOPOLIS,MARANHAO,210400
SAO ROBERTO,MARANHAO,211167
DOM PEDRO,MARANHAO,210380
CIDELANDIA,MARANHAO,210325
IPAPORANGA,CEARA,230565
TERESINA,PIAUI,221100
SAO JOAO DO SOTER,MARANHAO,211107
QUIXERAMOBIM,CEARA,231140
VILA NOVA DOS MARTIRIOS,MARANHAO,211285
JUAZEIRO DO PIAUI,PIAUI,220551
ABEL FIGUEIREDO,PARA,150013
TIBAU,RIO GRANDE DO NORTE,241105
ALTOS,PIAUI,220040
GONCALVES DIAS,MARANHAO,210440
ITAIPAVA DO GRAJAU,MARANHAO,210535
SAO JOSE DOS BASILIOS,MARANHAO,211125
JOSELANDIA,MARANHAO,210560
NOVO ARIPUANA,AMAZONAS,130330
IBICUITINGA,CEARA,230533
CASTELO DO PIAUI,PIAUI,220260
MOSSORO,RIO GRANDE DO NORTE,240800
AMARANTE DO MARANHAO,MARANHAO,210060
BARAUNA,RIO GRANDE DO NORTE,240145
GROSSOS,RIO GRANDE DO NORTE,240440
TIMON,MARANHAO,211220
GOVERNADOR ARCHER,MARANHAO,210450
AREIA BRANCA,RIO GRANDE DO NORTE,240110
MARABA,PARA,150420
CRATEUS,CEARA,230410
SAO PEDRO DA AGUA BRANCA,MARANHAO,211153
COIVARAS,PIAUI,220273
PORTO DO MANGUE,RIO GRANDE DO NORTE,241025
LIMOEIRO DO NORTE,CEARA,230760
QUIXERE,CEARA,231150
SAO RAIMUNDO DO DOCA BEZERRA,MARANHAO,211163
SERRA DO MEL,RIO GRANDE DO NORTE,241335
JOAO LISBOA,MARANHAO,210550
BARRA DO CORDA,MARANHAO,210160
SAO FRANCISCO DO BREJAO,MARANHAO,211085
CAICARA DO NORTE,RIO GRANDE DO NORTE,240185
BANABUIU,CEARA,230185
SAO BENTO DO NORTE,RIO GRANDE DO NORTE,241160
MACAU,RIO GRANDE DO NORTE,240720
PEDRA GRANDE,RIO GRANDE DO NORTE,240950
GUAMARE,RIO GRANDE DO NORTE,240450
SAO MIGUEL DE TOUROS,RIO GRANDE DO NORTE,241255
GALINHOS,RIO GRANDE DO NORTE,240410
TUNTUM,MARANHAO,211230
PRESIDENTE DUTRA,MARANHAO,210910
TOUROS,RIO GRANDE DO NORTE,241440
ALTO LONGA,PIAUI,220030
CARNAUBAIS,RIO GRANDE DO NORTE,240250
PENDENCIAS,RIO GRANDE DO NORTE,240990
SAO FELIX DO XINGU,PARA,150730
INDEPENDENCIA,CEARA,230560
NOVO SANTO ANTONIO,PIAUI,220695
IMPERATRIZ,MARANHAO,210530
MATOES,MARANHAO,210660
SAO SEBASTIAO DO TOCANTINS,TOCANTINS,172030
SENADOR ALEXANDRE COSTA,MARANHAO,211174
TABULEIRO DO NORTE,CEARA,231310
SAO JOAO DO JAGUARIBE,CEARA,231250
ESPERANTINA,TOCANTINS,170740
JAGUARETAMA,CEARA,230670
PARAZINHO,RIO GRANDE DO NORTE,240880
SENADOR LA ROCQUE,MARANHAO,211176
GOVERNADOR DIX-SEPT ROSADO,RIO GRANDE DO NORTE,240430
GOVERNADOR EUGENIO BARROS,MARANHAO,210460
CARRASCO BONITO,TOCANTINS,170389
DEMERVAL LOBAO,PIAUI,220330
SAMPAIO,TOCANTINS,171880
PEDRO AVELINO,RIO GRANDE DO NORTE,240970
JANDAIRA,RIO GRANDE DO NORTE,240510
BURITI DO TOCANTINS,TOCANTINS,170380
RIO DO FOGO,RIO GRANDE DO NORTE,240895
ALTO DO RODRIGUES,RIO GRANDE DO NORTE,240070
PARNARAMA,MARANHAO,210780
ARAGUATINS,TOCANTINS,170220
SAO JOAO DO ARAGUAIA,PARA,150750
JENIPAPO DOS VIEIRAS,MARANHAO,210547
ACU,RIO GRANDE DO NORTE,240020
BENEDITINOS,PIAUI,220160
PUREZA,RIO GRANDE DO NORTE,241040
JOAO CAMARA,RIO GRANDE DO NORTE,240580
PEDRA BRANCA,CEARA,231050
GRACA ARANHA,MARANHAO,210470
SAO MIGUEL DO TAPUIO,PIAUI,221040
LAGOA DO PIAUI,PIAUI,220558
SAO JOAO DA SERRA,PIAUI,220990
GRAJAU,MARANHAO,210480
ALTO SANTO,CEARA,230070
AFONSO BEZERRA,RIO GRANDE DO NORTE,240030
SENADOR POMPEU,CEARA,231270
MAXARANGUAPE,RIO GRANDE DO NORTE,240750
PRAIA NORTE,TOCANTINS,171830
AUGUSTINOPOLIS,TOCANTINS,170255
TAUA,CEARA,231330
APODI,RIO GRANDE DO NORTE,240100
SAO MIGUEL DO TOCANTINS,TOCANTINS,172020
FELIPE GUERRA,RIO GRANDE DO NORTE,240370
LAJES,RIO GRANDE DO NORTE,240670
PEDRA PRETA,RIO GRANDE DO NORTE,240960
NOVO ORIENTE,CEARA,230940
SAO DOMINGOS DO MARANHAO,MARANHAO,211070
IPANGUACU,RIO GRANDE DO NORTE,240470
GOVERNADOR LUIZ ROCHA,MARANHAO,210462
SOLONOPOLE,CEARA,231300
SANTA FILOMENA DO MARANHAO,MARANHAO,210975
CEARA-MIRIM,RIO GRANDE DO NORTE,240260
POCO BRANCO,RIO GRANDE DO NORTE,241010
TAIPU,RIO GRANDE DO NORTE,241390
SAO DOMINGOS DO ARAGUAIA,PARA,150715
JARDIM DE ANGICOS,RIO GRANDE DO NORTE,240550
JAGUARIBARA,CEARA,230680
UPANEMA,RIO GRANDE DO NORTE,241460
FORTUNA,MARANHAO,210420
MONSENHOR GIL,PIAUI,220640
MILHA,CEARA,230835
CURRALINHOS,PIAUI,220325
BREJO GRANDE DO ARAGUAIA,PARA,150175
ANGICOS,RIO GRANDE DO NORTE,240080
BURITIRANA,MARANHAO,210235
DAVINOPOLIS,MARANHAO,210375
SITIO NOVO DO TOCANTINS,TOCANTINS,172080
PALMEIRAIS,PIAUI,220750
JACAREACANGA,PARA,150375
BURITI BRAVO,MARANHAO,210230
CARAUBAS,RIO GRANDE DO NORTE,240230
MOMBACA,CEARA,230850
PASSAGEM FRANCA DO PIAUI,PIAUI,220775
AXIXA DO TOCANTINS,TOCANTINS,170290
IRACEMA,CEARA,230600
ITAJA,RIO GRANDE DO NORTE,240485
BENTO FERNANDES,RIO GRANDE DO NORTE,240160
EXTREMOZ,RIO GRANDE DO NORTE,240360
GOVERNADOR EDISON LOBAO,MARANHAO,210455
POTIRETAMA,CEARA,231123
MONTES ALTOS,MARANHAO,210700
ITAGUATINS,TOCANTINS,171070
PRATA DO PIAUI,PIAUI,220860
ASSUNCAO DO PIAUI,PIAUI,220105
CAICARA DO RIO DO VENTO,RIO GRANDE DO NORTE,240190
MIGUEL LEAO,PIAUI,220630
QUITERIANOPOLIS,CEARA,231126
PALESTINA DO PARA,PARA,150549
PARAU,RIO GRANDE DO NORTE,240870
SAO PEDRO DO PIAUI,PIAUI,221050
FERNANDO PEDROZA,RIO GRANDE DO NORTE,240375
NATAL,RIO GRANDE DO NORTE,240810
PIQUET CARNEIRO,CEARA,231090
SANTANA DO MATOS,RIO GRANDE DO NORTE,241140
IELMO MARINHO,RIO GRANDE DO NORTE,240460
OLHO D'AGUA DO PIAUI,PIAUI,220710
SAO GONCALO DO AMARANTE,RIO GRANDE DO NORTE,241200
AUGUSTO SEVERO,RIO GRANDE DO NORTE,240130
AGRICOLANDIA,PIAUI,220010
SAO RAFAEL,RIO GRANDE DO NORTE,241280
SANTA MARIA,RIO GRANDE DO NORTE,240933
SEVERIANO MELO,RIO GRANDE DO NORTE,241360
RIACHUELO,RIO GRANDE DO NORTE,241090
BARRO DURO,PIAUI,220140
SITIO NOVO,MARANHAO,211180
LAGOINHA DO PIAUI,PIAUI,220554
LAGOA DO MATO,MARANHAO,210592
SAO BENTO DO TOCANTINS,TOCANTINS,172010
SANTA CRUZ DOS MILAGRES,PIAUI,220915
JAGUARIBE,CEARA,230690
RODOLFO FERNANDES,RIO GRANDE DO NORTE,241100
ITAU,RIO GRANDE DO NORTE,240490
DEPUTADO IRAPUAN PINHEIRO,CEARA,230426
JATOBA,MARANHAO,210545
SAO FELIX DO PIAUI,PIAUI,220960
PEREIRO,CEARA,231080
CURIONOPOLIS,PARA,150277
SAO PEDRO,RIO GRANDE DO NORTE,241270
ELDORADO DOS CARAJAS,PARA,150295
RUY BARBOSA,RIO GRANDE DO NORTE,241110
SAO MIGUEL DA BAIXA GRANDE,PIAUI,221038
RIBAMAR FIQUENE,MARANHAO,210955
COLINAS,MARANHAO,210350
MACAIBA,RIO GRANDE DO NORTE,240710
TRIUNFO POTIGUAR,RIO GRANDE DO NORTE,241445
SAO TOME,RIO GRANDE DO NORTE,241290
CERRO CORA,RIO GRANDE DO NORTE,240270
JUCURUTU,RIO GRANDE DO NORTE,240610
PARNAMIRIM,RIO GRANDE DO NORTE,240325
SAO PAULO DO POTENGI,RIO GRANDE DO NORTE,241260
BODO,RIO GRANDE DO NORTE,240165
RIACHO DA CRUZ,RIO GRANDE DO NORTE,241070
AGUA BRANCA,PIAUI,220020
PARAUAPEBAS,PARA,150553
TABOLEIRO GRANDE,RIO GRANDE DO NORTE,241380
MAURILANDIA DO TOCANTINS,TOCANTINS,171280
SAO GERALDO DO ARAGUAIA,PARA,150745
BARCELONA,RIO GRANDE DO NORTE,240150
JANDUIS,RIO GRANDE DO NORTE,240520
LAJEADO NOVO,MARANHAO,210598
ERERE,CEARA,230427
UMARIZAL,RIO GRANDE DO NORTE,241450
OLHO-D'AGUA DO BORGES,RIO GRANDE DO NORTE,240840
PASSAGEM FRANCA,MARANHAO,210790
SAO FRANCISCO DO OESTE,RIO GRANDE DO NORTE,241190
SAO FRANCISCO DO MARANHAO,MARANHAO,211090
CANUTAMA,AMAZONAS,130090
BOM JESUS,RIO GRANDE DO NORTE,240170
NISIA FLORESTA,RIO GRANDE DO NORTE,240820
ELESBAO VELOSO,PIAUI,220350
PATU,RIO GRANDE DO NORTE,240930
HUGO NAPOLEAO,PIAUI,220460
ANANAS,TOCANTINS,170100
SAO GONCALO DO PIAUI,PIAUI,220980
LAGOA DE VELHOS,RIO GRANDE DO NORTE,240640
SAO JOSE DE MIPIBU,RIO GRANDE DO NORTE,241220
PORTALEGRE,RIO GRANDE DO NORTE,241020
VICOSA,RIO GRANDE DO NORTE,241490
ACOPIARA,CEARA,230030
FRANCISCO DANTAS,RIO GRANDE DO NORTE,240390
ANGICAL DO PIAUI,PIAUI,220060
SENADOR ELOI DE SOUZA,RIO GRANDE DO NORTE,241310
AROAZES,PIAUI,220090
FERNANDO FALCAO,MARANHAO,210408
PARAMBU,CEARA,231030
MIRADOR,MARANHAO,210670
VERA CRUZ,RIO GRANDE DO NORTE,241480
AMARANTE,PIAUI,220050
PAU DOS FERROS,RIO GRANDE DO NORTE,240940
RAFAEL GODEIRO,RIO GRANDE DO NORTE,241060
MARTINS,RIO GRANDE DO NORTE,240740
CACHOEIRINHA,TOCANTINS,170382
QUIXELO,CEARA,231135
SITIO NOVO,RIO GRANDE DO NORTE,241370
TOCANTINOPOLIS,TOCANTINS,172120
MESSIAS TARGINO,RIO GRANDE DO NORTE,240760
TANGARA,RIO GRANDE DO NORTE,241400
PRESIDENTE JUSCELINO,RIO GRANDE DO NORTE,241030
SANTO ANTONIO DOS MILAGRES,PIAUI,220945
JARDIM DO MULATO,PIAUI,220525
BELEM DO BREJO DO CRUZ,PARAIBA,250200
LAGOA NOVA,RIO GRANDE DO NORTE,240650
FLORANIA,RIO GRANDE DO NORTE,240380
PIMENTEIRAS,PIAUI,220810
ITAMARATI,AMAZONAS,130195
MONTE ALEGRE,RIO GRANDE DO NORTE,240780
JANUARIO CICCO,RIO GRANDE DO NORTE,240530
DOUTOR SEVERIANO,RIO GRANDE DO NORTE,240320
ENCANTO,RIO GRANDE DO NORTE,240330
ALMINO AFONSO,RIO GRANDE DO NORTE,240060
CAMPESTRE DO MARANHAO,MARANHAO,210255
SANTA CRUZ,RIO GRANDE DO NORTE,241120
OROS,CEARA,230950
ARNEIROZ,CEARA,230150
SERRINHA DOS PINTOS,RIO GRANDE DO NORTE,241355
LUCRECIA,RIO GRANDE DO NORTE,240690
LAJES PINTADAS,RIO GRANDE DO NORTE,240680
CURRAIS NOVOS,RIO GRANDE DO NORTE,240310
LAGOA SALGADA,RIO GRANDE DO NORTE,240660
TENENTE LAURENTINO CRUZ,RIO GRANDE DO NORTE,241415
SAO VICENTE,RIO GRANDE DO NORTE,241300
CATARINA,CEARA,230360
ICO,CEARA,230540
FRUTUOSO GOMES,RIO GRANDE DO NORTE,240400
SAO MIGUEL,RIO GRANDE DO NORTE,241250
LAGOA DE PEDRAS,RIO GRANDE DO NORTE,240630
CAMPO REDONDO,RIO GRANDE DO NORTE,240210
SENADOR GEORGINO AVELINO,RIO GRANDE DO NORTE,241320
HUMAITA,AMAZONAS,130170
LUZINOPOLIS,TOCANTINS,171245
JARDIM DE PIRANHAS,RIO GRANDE DO NORTE,240560
ARES,RIO GRANDE DO NORTE,240120
ANTONIO MARTINS,RIO GRANDE DO NORTE,240090
ANGICO,TOCANTINS,170105
BREJINHO,RIO GRANDE DO NORTE,240180
RAFAEL FERNANDES,RIO GRANDE DO NORTE,241050
REGENERACAO,PIAUI,220880
SAO JOSE DO BREJO DO CRUZ,PARAIBA,251465
IGUATU,CEARA,230550
AGUA NOVA,RIO GRANDE DO NORTE,240040
VALENCA DO PIAUI,PIAUI,221130
TIBAU DO SUL,RIO GRANDE DO NORTE,241420
CATOLE DO ROCHA,PARAIBA,250430
SAO FERNANDO,RIO GRANDE DO NORTE,241180
VARZEA,RIO GRANDE DO NORTE,241470
SAO JOSE DO CAMPESTRE,RIO GRANDE DO NORTE,241230
CAICO,RIO GRANDE DO NORTE,240200
SAO JOAO DO PARAISO,MARANHAO,211105
MARCELINO VIEIRA,RIO GRANDE DO NORTE,240730
PORTO FRANCO,MARANHAO,210900
ESPIRITO SANTO,RIO GRANDE DO NORTE,240350
CORONEL JOAO PESSOA,RIO GRANDE DO NORTE,240290
SERRINHA,RIO GRANDE DO NORTE,241350
GOIANINHA,RIO GRANDE DO NORTE,240420
SABOEIRO,CEARA,231190
NAZARE,TOCANTINS,171430
RIACHO DE SANTANA,RIO GRANDE DO NORTE,241080
SANTO ANTONIO,RIO GRANDE DO NORTE,241150
BREJO DO CRUZ,PARAIBA,250280
CRUZETA,RIO GRANDE DO NORTE,240300
SUCUPIRA DO NORTE,MARANHAO,211190
JOAO DIAS,RIO GRANDE DO NORTE,240590
FORMOSA DA SERRA NEGRA,MARANHAO,210409
PASSAGEM,RIO GRANDE DO NORTE,240920
CANAA DOS CARAJAS,PARA,150215
PILOES,RIO GRANDE DO NORTE,241000
ALEXANDRIA,RIO GRANDE DO NORTE,240050
PICARRA,PARA,150563
VILA FLOR,RIO GRANDE DO NORTE,241500
ACARI,RIO GRANDE DO NORTE,240010
AGUA AZUL DO NORTE,PARA,150034
JOSE DA PENHA,RIO GRANDE DO NORTE,240600
NOVO PROGRESSO,PARA,150503
PICUI,PARAIBA,251140
CANGUARETAMA,RIO GRANDE DO NORTE,240220
PARAIBANO,MARANHAO,210770
SAO JOAO DOS PATOS,MARANHAO,211110
CORONEL EZEQUIEL,RIO GRANDE DO NORTE,240280
VENHA-VER,RIO GRANDE DO NORTE,241475
FREI MARTINHO,PARAIBA,250620
LUIS GOMES,RIO GRANDE DO NORTE,240700
SAO BENTO DO TRAIRI,RIO GRANDE DO NORTE,241170
NOVO ORIENTE DO PIAUI,PIAUI,220690
JUCAS,CEARA,230740
LAGOA D'ANTA,RIO GRANDE DO NORTE,240620
BAIA FORMOSA,RIO GRANDE DO NORTE,240140
FRANCINOPOLIS,PIAUI,220400
SUCUPIRA DO RIACHAO,MARANHAO,211195
LAGOA DO SITIO,PIAUI,220559
BREJO DOS SANTOS,PARAIBA,250290
POCO DANTAS,PARAIBA,251203
BARAO DE GRAJAU,MARANHAO,210150
RIACHINHO,TOCANTINS,171855
XAMBIOA,TOCANTINS,172210
AIUABA,CEARA,230040
SERRA DE SAO BENTO,RIO GRANDE DO NORTE,241330
RIACHO DOS CAVALOS,PARAIBA,251280
EIRUNEPE,AMAZONAS,130140
JAPI,RIO GRANDE DO NORTE,240540
TENENTE ANANIAS,RIO GRANDE DO NORTE,241410
PEDRO VELHO,RIO GRANDE DO NORTE,240980
MAJOR SALES,RIO GRANDE DO NORTE,240725
MONTE DAS GAMELEIRAS,RIO GRANDE DO NORTE,240790
PASTOS BONS,MARANHAO,210800
APUI,AMAZONAS,130014
PARANA,RIO GRANDE DO NORTE,240860
JACANA,RIO GRANDE DO NORTE,240500
BARRA D'ALCANTARA,PIAUI,220117
NOVA CRUZ,RIO GRANDE DO NORTE,240830
SAO BENTO,PARAIBA,251390
BOM SUCESSO,PARAIBA,250230
TIMBAUBA DOS BATISTAS,RIO GRANDE DO NORTE,241430
SANTA TEREZINHA DO TOCANTINS,TOCANTINS,172000
UIRAUNA,PARAIBA,251690
PASSA E FICA,RIO GRANDE DO NORTE,240910
AGUIARNOPOLIS,TOCANTINS,170030
SAO JOSE DO SERIDO,RIO GRANDE DO NORTE,241240
CUITE,PARAIBA,250510
BERNARDINO BATISTA,PARAIBA,250205
NOVA FLORESTA,PARAIBA,251010
SANTAREM,PARAIBA,251365
SERRA NEGRA DO NORTE,RIO GRANDE DO NORTE,241340
PIRAQUE,TOCANTINS,171720
SANTA CRUZ,PARAIBA,251320
CEDRO,CEARA,230380
XINGUARA,PARA,150840
ARARUNA,PARAIBA,250100
MONTANHAS,RIO GRANDE DO NORTE,240770
JERICO,PARAIBA,250740
MOSQUITO,TOCANTINS,171380
TACIMA,PARAIBA,251640
CARIUS,CEARA,230330
VARZEA GRANDE,PIAUI,221140
CARNAUBA DOS DANTAS,RIO GRANDE DO NORTE,240240
TRIUNFO,PARAIBA,251680
LASTRO,PARAIBA,250840
LOGRADOURO,PARAIBA,250855
CACIMBA DE DENTRO,PARAIBA,250350
MATO GROSSO,PARAIBA,250937
MATARACA,PARAIBA,250930
CAICARA,PARAIBA,250360
ARAGUANA,TOCANTINS,170215
ARRAIAL,PIAUI,220100
VIEIROPOLIS,PARAIBA,251720
ESTREITO,MARANHAO,210405
RIACHAO,PARAIBA,251274
PIO IX,PIAUI,220820
FRANCISCO AYRES,PIAUI,220410
MAMANGUAPE,PARAIBA,250890
PAULISTA,PARAIBA,251090
TANQUE DO PIAUI,PIAUI,221097
JARDIM DO SERIDO,RIO GRANDE DO NORTE,240570
JACARAU,PARAIBA,250730
DAMIAO,PARAIBA,250535
POCO DE JOSE DE MOURA,PARAIBA,251207
INHUMA,PIAUI,220470
UMARI,CEARA,231370
SAO JOAO DA CANABRAVA,PIAUI,220985
LAGOA,PARAIBA,250810
DARCINOPOLIS,TOCANTINS,170650
BARAUNA,PARAIBA,250153
DONA INES,PARAIBA,250570
SAO JOAO DO RIO DO PEIXE,PARAIBA,250070
NOVA IORQUE,MARANHAO,210730
VARZEA ALEGRE,CEARA,231400
LAVRAS DA MANGABEIRA,CEARA,230750
PARELHAS,RIO GRANDE DO NORTE,240890
TUCUMA,PARA,150808
OURO BRANCO,RIO GRANDE DO NORTE,240850
SOUSA,PARAIBA,251620
OEIRAS,PIAUI,220700
BARRA DE SANTA ROSA,PARAIBA,250160
SAO FRANCISCO,PARAIBA,251398
NOVA PALMEIRA,PARAIBA,251030
RIO TINTO,PARAIBA,251290
IPIXUNA,AMAZONAS,130180
BAIA DA TRAICAO,PARAIBA,250140
BANANEIRAS,PARAIBA,250150
PEDRO REGIS,PARAIBA,251272
SAO JOAO DO SABUGI,RIO GRANDE DO NORTE,241210
POMBAL,PARAIBA,251210
LAGOA DE DENTRO,PARAIBA,250820
WANDERLANDIA,TOCANTINS,172208
TARRAFAS,CEARA,231325
SAO DOMINGOS DO AZEITAO,MARANHAO,211065
SAPUCAIA,PARA,150775
SANTA HELENA,PARAIBA,251330
SOSSEGO,PARAIBA,251615
BELEM,PARAIBA,250190
FLORIANO,PIAUI,220390
SANTANA DO SERIDO,RIO GRANDE DO NORTE,241142
CAJAZEIRAS DO PIAUI,PIAUI,220207
SANTO ANTONIO DE LISBOA,PIAUI,220940
BAIXIO,CEARA,230180
SOLANEA,PARAIBA,251600
ARAGOMINAS,TOCANTINS,170130
CASSERENGUE,PARAIBA,250415
APARECIDA,PARAIBA,250077
SERRA DA RAIZ,PARAIBA,251560
ANTONINA DO NORTE,CEARA,230080
SAO PEDRO DOS CRENTES,MARANHAO,211157
PEDRA LAVRADA,PARAIBA,251110
CURRAL DE CIMA,PARAIBA,250527
SAO LUIS DO PIAUI,PIAUI,221037
DUAS ESTRADAS,PARAIBA,250580
SAO JOSE DE ESPINHARAS,PARAIBA,251440
IPIRANGA DO PIAUI,PIAUI,220480
FORTALEZA DOS NOGUEIRAS,MARANHAO,210410
OURILANDIA DO NORTE,PARA,150543
SAO RAIMUNDO DAS MANGABEIRAS,MARANHAO,211160
VARZEA,PARAIBA,251710
GUADALUPE,PIAUI,220450
SAO FELIX DE BALSAS,MARANHAO,211080
MARCACAO,PARAIBA,250905
VISTA SERRANA,PARAIBA,250550
SANTA ROSA DO PIAUI,PIAUI,220937
SERTAOZINHO,PARAIBA,251593
IPAUMIRIM,CEARA,230570
CONDADO,PARAIBA,250450
IPUEIRA,RIO GRANDE DO NORTE,240480
SAO DOMINGOS DE POMBAL,PARAIBA,251396
ALGODAO DE JANDAIRA,PARAIBA,250057
LORETO,MARANHAO,210610
SAO JOSE DO SABUGI,PARAIBA,251470
SAO JOSE DO PIAUI,PIAUI,221020
FRANCISCO SANTOS,PIAUI,220420
PORTO ALEGRE DO PIAUI,PIAUI,220855
CAMPOS SALES,CEARA,230270
MURICILANDIA,TOCANTINS,171395
ITAPOROROCA,PARAIBA,250710
PIRPIRITUBA,PARAIBA,251180
MONSENHOR HIPOLITO,PIAUI,220650
SANTA LUZIA,PARAIBA,251340
ARACAGI,PARAIBA,250080
ASSARE,CEARA,230160
FARIAS BRITO,CEARA,230430
NAZARE DO PIAUI,PIAUI,220670
MARIZOPOLIS,PARAIBA,250915
MALTA,PARAIBA,250880
SAMBAIBA,MARANHAO,210970
BOM JESUS,PARAIBA,250220
SAO MAMEDE,PARAIBA,251490
CUBATI,PARAIBA,250500
ALAGOINHA DO PIAUI,PIAUI,220025
BORBOREMA,PARAIBA,250270
CAJAZEIRAS,PARAIBA,250370
SAO BENTO DE POMBAL,PARAIBA,251392
EQUADOR,RIO GRANDE DO NORTE,240340
SANTA FE DO ARAGUAIA,TOCANTINS,171886
GUARABIRA,PARAIBA,250630
ARARA,PARAIBA,250090
FEIRA NOVA DO MARANHAO,MARANHAO,210407
PILOEZINHOS,PARAIBA,251170
SERRARIA,PARAIBA,251590
JERUMENHA,PIAUI,220530
BOCAINA,PIAUI,220180
SAO JOAO DA VARJOTA,PIAUI,220995
CACHOEIRA DOS INDIOS,PARAIBA,250330
BENEDITO LEITE,MARANHAO,210180
CAROLINA,MARANHAO,210280
SERIDO,PARAIBA,251540
JUAZEIRINHO,PARAIBA,250770
CAPIM,PARAIBA,250403
CUITE DE MAMANGUAPE,PARAIBA,250523
NAZAREZINHO,PARAIBA,251000
AREIA,PARAIBA,250110
GRANJEIRO,CEARA,230480
PILOES,PARAIBA,251160
REMIGIO,PARAIBA,251270
AURORA,CEARA,230170
SAO JOSE DA LAGOA TAPADA,PARAIBA,251420
OLIVEDOS,PARAIBA,251050
LUCENA,PARAIBA,250860
SANTANA DO PIAUI,PIAUI,220935
CAJAZEIRINHAS,PARAIBA,250375
CUITEGI,PARAIBA,250520
SUSSUAPARA,PIAUI,221093
PATOS,PARAIBA,251080
DOM EXPEDITO LOPES,PIAUI,220340
GUAJARA,AMAZONAS,130165
CARIRIACU,CEARA,230320
BABACULANDIA,TOCANTINS,170300
PICOS,PIAUI,220800
POCINHOS,PARAIBA,251200
SANTA RITA,PARAIBA,251370
TENORIO,PARAIBA,251675
CARMOLANDIA,TOCANTINS,170388
COREMAS,PARAIBA,250480
JUNCO DO SERIDO,PARAIBA,250780
ALAGOINHA,PARAIBA,250050
MULUNGU,PARAIBA,250980
FRONTEIRAS,PIAUI,220430
MARCOS PARENTE,PIAUI,220600
SOLEDADE,PARAIBA,251610
SAPE,PARAIBA,251530
ARAGUAINA,TOCANTINS,170210
PAUINI,AMAZONAS,130350
ESPERANCA,PARAIBA,250600
ALTANEIRA,CEARA,230060
LABREA,AMAZONAS,130240
MARI,PARAIBA,250910
CABEDELO,PARAIBA,250320
SAO FRANCISCO DO PIAUI,PIAUI,220970
POTENGI,CEARA,231120
CRUZ DO ESPIRITO SANTO,PARAIBA,250490
BARRO,CEARA,230200
LANDRI SALES,PIAUI,220560
ALAGOA GRANDE,PARAIBA,250030
SAO JULIAO,PIAUI,221030
SAO JOSE DE PIRANHAS,PARAIBA,251450
CARRAPATEIRA,PARAIBA,250410
ASSUNCAO,PARAIBA,250135
CATINGUEIRA,PARAIBA,250420
AGUIAR,PARAIBA,250020
PAQUETA,PIAUI,220755
NOVA COLINAS,MARANHAO,210725
ALAGOA NOVA,PARAIBA,250040
SALITRE,CEARA,231195
SANTA TERESINHA,PARAIBA,251380
CRATO,CEARA,230420
QUIXABA,PARAIBA,251260
NOVA OLINDA,CEARA,230920
AREIAL,PARAIBA,250120
EMAS,PARAIBA,250590
SALGADINHO,PARAIBA,251300
SANTANA DO CARIRI,CEARA,231210
SAO SEBASTIAO DE LAGOA DE ROCA,PARAIBA,251510
CAMPO GRANDE DO PIAUI,PIAUI,220213
ARARIPE,CEARA,230130
RIO MARIA,PARA,150616
GURINHEM,PARAIBA,250640
CALDAS BRANDAO,PARAIBA,250380
SANTA CRUZ DO PIAUI,PIAUI,220910
ANTONIO ALMEIDA,PIAUI,220080
AREIA DE BARAUNAS,PARAIBA,250115
PASSAGEM,PARAIBA,251070
CACIMBA DE AREIA,PARAIBA,250340
JOAO PESSOA,PARAIBA,250750
RIACHAO,MARANHAO,210950
MONTADAS,PARAIBA,250950
BAYEUX,PARAIBA,250180
MILAGRES,CEARA,230830
SAO JOSE DO BONFIM,PARAIBA,251460
GEMINIANO,PIAUI,220435
JUAZEIRO DO NORTE,CEARA,230730
MATINHAS,PARAIBA,250933
VILA NOVA DO PIAUI,PIAUI,221160
COLONIA DO PIAUI,PIAUI,220277
IGARACY,PARAIBA,250260
PIANCO,PARAIBA,251130
URUCUI,PIAUI,221120
LAGOA SECA,PARAIBA,250830
MANCIO LIMA,ACRE,120033
TAPEROA,PARAIBA,251650
ALEGRETE DO PIAUI,PIAUI,220027
JUAREZ TAVORA,PARAIBA,250760
RIACHAO DO POCO,PARAIBA,251276
SERRA REDONDA,PARAIBA,251580
PUXINANA,PARAIBA,251240
SOBRADO,PARAIBA,251597
OLHO D'AGUA,PARAIBA,251040
SANTO ANDRE,PARAIBA,251385
FLORESTA DO ARAGUAIA,PARA,150304
MASSARANDUBA,PARAIBA,250920
MISSAO VELHA,CEARA,230840
MAE D'AGUA,PARAIBA,250870
GURJAO,PARAIBA,250650
ITAPORANGA,PARAIBA,250700
BOA VISTA,PARAIBA,250215
CAMPINA GRANDE,PARAIBA,250400
MONTE HOREBE,PARAIBA,250960
SAO JOSE DE CAIANA,PARAIBA,251430
INGA,PARAIBA,250680
BALSAS,MARANHAO,210140
ENVIRA,AMAZONAS,130150
SERRA GRANDE,PARAIBA,251570
MOGEIRO,PARAIBA,250940
TEIXEIRA,PARAIBA,251670
SAO MIGUEL DE TAIPU,PARAIBA,251500
WALL FERRAZ,PIAUI,221170
CACIMBAS,PARAIBA,250355
SAO JOSE DO PEIXE,PIAUI,221010
BANNACH,PARA,150125
SAO JOSE DOS RAMOS,PARAIBA,251445
BONITO DE SANTA FE,PARAIBA,250240
ITAUEIRA,PIAUI,220510
JAICOS,PIAUI,220520
PILAR,PARAIBA,251150
CONDE,PARAIBA,250460
MAURITI,CEARA,230810
RIACHAO DO BACAMARTE,PARAIBA,251275
CALDEIRAO GRANDE DO PIAUI,PIAUI,220209
MATUREIA,PARAIBA,250939
ALHANDRA,PARAIBA,250060
PEDRAS DE FOGO,PARAIBA,251120
DESTERRO,PARAIBA,250540
SAO JOSE DOS CORDEIROS,PARAIBA,251480
PARARI,PARAIBA,251065
PADRE MARCOS,PIAUI,220720
SEBASTIAO LEAL,PIAUI,221063
BARBALHA,CEARA,230190
CANAVIEIRA,PIAUI,220225
LIVRAMENTO,PARAIBA,250850
ITABAIANA,PARAIBA,250690
ABAIARA,CEARA,230010
FILADELFIA,TOCANTINS,170770
BELEM DO PIAUI,PIAUI,220157
FRANCISCO MACEDO,PIAUI,220415
ITAINOPOLIS,PIAUI,220500
QUEIMADAS,PARAIBA,251250
ITAPETIM,PERNAMBUCO,260770
BREJINHO,PERNAMBUCO,260250
JURIPIRANGA,PARAIBA,250790
SANTO INACIO DO PIAUI,PIAUI,220950
SANTANA DOS GARROTES,PARAIBA,251360
SAO JOAO DO CARIRI,PARAIBA,251400
IPUBI,PERNAMBUCO,260730
IMACULADA,PARAIBA,250670
FAGUNDES,PARAIBA,250610
EXU,PERNAMBUCO,260530
CONCEICAO,PARAIBA,250440
ARARIPINA,PERNAMBUCO,260110
AGUA BRANCA,PARAIBA,250010
SALGADO DE SAO FELIX,PARAIBA,251310
CUMARU DO NORTE,PARA,150276
ITATUBA,PARAIBA,250720
DIAMANTE,PARAIBA,250560
JURU,PARAIBA,250800
BODOCO,PERNAMBUCO,260200
PITIMBU,PARAIBA,251190
MARCOLANDIA,PIAUI,220595
APIACAS,MATO GROSSO,510080
PEDRA BRANCA,PARAIBA,251100
FLORESTA DO PIAUI,PIAUI,220385
SANTA TEREZINHA,PERNAMBUCO,261280
SAO JOSE DO EGITO,PERNAMBUCO,261360
BOQUEIRAO,PARAIBA,250250
NOVA OLINDA,TOCANTINS,171488
PALMEIRANTE,TOCANTINS,171570
CABACEIRAS,PARAIBA,250310
NOVA OLINDA,PARAIBA,251020
CATURITE,PARAIBA,250435
BOA VENTURA,PARAIBA,250210
PAU D'ARCO,TOCANTINS,171630
ITAMBE,PERNAMBUCO,260765
SERRA BRANCA,PARAIBA,251550
FLORES DO PIAUI,PIAUI,220380
ISAIAS COELHO,PIAUI,220490
MOREILANDIA,PERNAMBUCO,261430
CAMUTANGA,PERNAMBUCO,260360
CAAPORA,PARAIBA,250300
BREJO SANTO,CEARA,230250
FERREIROS,PERNAMBUCO,260550
IBIARA,PARAIBA,250660
TIMBAUBA,PERNAMBUCO,261530
MASSAPE DO PIAUI,PIAUI,220605
NATUBA,PARAIBA,250990
SAO MIGUEL DO FIDALGO,PIAUI,221039
BARRA DO OURO,TOCANTINS,170307
TABIRA,PERNAMBUCO,261460
MACAPARANA,PERNAMBUCO,260900
AROEIRAS,PARAIBA,250130
SIMOES,PIAUI,221070
PORTEIRAS,CEARA,231110
JARDIM,CEARA,230710
GOIANA,PERNAMBUCO,260620
CURRAL VELHO,PARAIBA,250530
SAO DOMINGOS DO CARIRI,PARAIBA,251394
PAU D'ARCO,PARA,150555
RIBEIRO GONCALVES,PIAUI,220890
SUME,PARAIBA,251630
BARRA DE SANTANA,PARAIBA,250157
GADO BRAVO,PARAIBA,250625
BERTOLINIA,PIAUI,220170
TAVARES,PARAIBA,251660
AMPARO,PARAIBA,250073
ALIANCA,PERNAMBUCO,260070
CAMPINAS DO PIAUI,PIAUI,220210
PRINCESA ISABEL,PARAIBA,251230
SAO VICENTE FERRER,PERNAMBUCO,261380
OURO VELHO,PARAIBA,251060
VERA MENDES,PIAUI,221150
PATOS DO PIAUI,PIAUI,220777
SANTANA DE MANGUEIRA,PARAIBA,251350
SOLIDAO,PERNAMBUCO,261440
CRUZEIRO DO SUL,ACRE,120020
BARRA DE SAO MIGUEL,PARAIBA,250170
CONDADO,PERNAMBUCO,260460
SERRITA,PERNAMBUCO,261400
GOIATINS,TOCANTINS,170900
MANAIRA,PARAIBA,250900
ARAPOEMA,TOCANTINS,170230
SAO JOSE DE PRINCESA,PARAIBA,251455
SANTA INES,PARAIBA,251335
RIBEIRA DO PIAUI,PIAUI,220887
BANDEIRANTES DO TOCANTINS,TOCANTINS,170305
SIMPLICIO MENDES,PIAUI,221080
VICENCIA,PERNAMBUCO,261630
ALCANTIL,PARAIBA,250053
COXIXOLA,PARAIBA,250485
SANTA CECILIA DE UMBUZEIRO,PARAIBA,251315
CARIDADE DO PIAUI,PIAUI,220255
PRATA,PARAIBA,251220
TUPARETAMA,PERNAMBUCO,261590
RIACHO DE SANTO ANTONIO,PARAIBA,251278
JATI,CEARA,230720
AFOGADOS DA INGAZEIRA,PERNAMBUCO,260010
UMBUZEIRO,PARAIBA,251700
ITAQUITINGA,PERNAMBUCO,260780
CARNAIBA,PERNAMBUCO,260390
RIO GRANDE DO PIAUI,PIAUI,220900
CONCEICAO DO ARAGUAIA,PARA,150270
SAO JOSE DO BELMONTE,PERNAMBUCO,261350
QUIXABA,PERNAMBUCO,261153
INGAZEIRA,PERNAMBUCO,260710
TRINDADE,PERNAMBUCO,261560
RODRIGUES ALVES,ACRE,120042
OROBO,PERNAMBUCO,260970
PAVUSSU,PIAUI,220785
TRACUNHAEM,PERNAMBUCO,261550
MACHADOS,PERNAMBUCO,260910
CEDRO,PERNAMBUCO,260430
GRANITO,PERNAMBUCO,260630
BUENOS AIRES,PERNAMBUCO,260270
NAZARE DA MATA,PERNAMBUCO,260950
CARAUBAS,PARAIBA,250407
CONGO,PARAIBA,250470
ITAPISSUMA,PERNAMBUCO,260775
OURICURI,PERNAMBUCO,260990
ITAMARACA,PERNAMBUCO,260760
CURRAL NOVO DO PIAUI,PIAUI,220327
PENAFORTE,CEARA,231060
IGARASSU,PERNAMBUCO,260680
CASINHAS,PERNAMBUCO,260415
PAJEU DO PIAUI,PIAUI,220735
LIMOEIRO,PERNAMBUCO,260890
IGUARACI,PERNAMBUCO,260690
BOM JARDIM,PERNAMBUCO,260220
JACOBINA DO PIAUI,PIAUI,220515
MONTEIRO,PARAIBA,250970
SERRA TALHADA,PERNAMBUCO,261390
REDENCAO,PARA,150613
BAIXA GRANDE DO RIBEIRO,PIAUI,220115
PAES LANDIM,PIAUI,220730
ARACOIABA,PERNAMBUCO,260105
ELISEU MARTINS,PIAUI,220360
VERTENTE DO LERIO,PERNAMBUCO,261618
TARAUACA,ACRE,120060
SOCORRO DO PIAUI,PIAUI,221090
CONCEICAO DO CANINDE,PIAUI,220280
CARPINA,PERNAMBUCO,260400
TRIUNFO,PERNAMBUCO,261570
SALGUEIRO,PERNAMBUCO,261220
FLORES,PERNAMBUCO,260560
SANTA MARIA DO CAMBUCA,PERNAMBUCO,261270
TAQUARITINGA DO NORTE,PERNAMBUCO,261500
TASSO FRAGOSO,MARANHAO,211200
CAMALAU,PARAIBA,250390
VERTENTES,PERNAMBUCO,261620
SANTA CRUZ DA BAIXA VERDE,PERNAMBUCO,261247
PAUDALHO,PERNAMBUCO,261060
ABREU E LIMA,PERNAMBUCO,260005
SANTA CRUZ DO CAPIBARIBE,PERNAMBUCO,261250
JOAO ALFREDO,PERNAMBUCO,260810
SURUBIM,PERNAMBUCO,261450
BETANIA DO PIAUI,PIAUI,220173
VERDEJANTE,PERNAMBUCO,261610
LAGOA DO CARRO,PERNAMBUCO,260845
PAULISTA,PERNAMBUCO,261070
BERNARDO SAYAO,TOCANTINS,170320
COLINAS DO TOCANTINS,TOCANTINS,170550
FREI MIGUELINHO,PERNAMBUCO,260580
PARNAMIRIM,PERNAMBUCO,261040
BELA VISTA DO PIAUI,PIAUI,220155
CUSTODIA,PERNAMBUCO,260510
LAGOA DO ITAENGA,PERNAMBUCO,260850
SALGADINHO,PERNAMBUCO,261210
PEDRO LAURENTINO,PIAUI,220793
FEIRA NOVA,PERNAMBUCO,260540
CAMPOS LINDOS,TOCANTINS,170384
JATAUBA,PERNAMBUCO,260800
CALUMBI,PERNAMBUCO,260340
BREJO DA MADRE DE DEUS,PERNAMBUCO,260260
PASSIRA,PERNAMBUCO,261050
CAMARAGIBE,PERNAMBUCO,260345
ITAPIRATINS,TOCANTINS,171090
RECIFE,PERNAMBUCO,261160
CANTO DO BURITI,PIAUI,220230
SERTANIA,PERNAMBUCO,261410
CUMARU,PERNAMBUCO,260490
GLORIA DO GOITA,PERNAMBUCO,260610
SAO LOURENCO DA MATA,PERNAMBUCO,261370
SAO JOAO DO TIGRE,PARAIBA,251410
CHA DE ALEGRIA,PERNAMBUCO,260440
PETRONIO PORTELA,PIAUI,220795
OLINDA,PERNAMBUCO,260960
PAULISTANA,PIAUI,220780
RIACHO DAS ALMAS,PERNAMBUCO,261170
TORITAMA,PERNAMBUCO,261540
PORTO VELHO,RONDONIA,110020
MANOEL EMIDIO,PIAUI,220590
CARUARU,PERNAMBUCO,260410
SAO FRANCISCO DE ASSIS DO PIAUI,PIAUI,220965
MIRANDIBA,PERNAMBUCO,260930
JUARINA,TOCANTINS,171180
SAO SEBASTIAO DO UMBUZEIRO,PARAIBA,251520
ZABELE,PARAIBA,251740
SANTA FILOMENA,PERNAMBUCO,261255
VITORIA DE SANTO ANTAO,PERNAMBUCO,261640
COLONIA DO GURGUEIA,PIAUI,220275
BOCA DO ACRE,AMAZONAS,130070
TERRA NOVA,PERNAMBUCO,261520
JABOATAO DOS GUARARAPES,PERNAMBUCO,260790
SANTA CRUZ,PERNAMBUCO,261245
GRAVATA,PERNAMBUCO,260640
BETANIA,PERNAMBUCO,260180
MORENO,PERNAMBUCO,260940
SAO JOAO DO PIAUI,PIAUI,221000
POMBOS,PERNAMBUCO,261130
PEQUIZEIRO,TOCANTINS,171665
CAMPO ALEGRE DO FIDALGO,PIAUI,220211
FEIJO,ACRE,120030
BEZERROS,PERNAMBUCO,260190
ACAUA,PIAUI,220005
PORTO WALTER,ACRE,120039
BREJO DO PIAUI,PIAUI,220198
BRASILANDIA DO TOCANTINS,TOCANTINS,170360
TUPIRATINS,TOCANTINS,172130
BELO JARDIM,PERNAMBUCO,260170
POCAO,PERNAMBUCO,261120
CHA GRANDE,PERNAMBUCO,260450
ITACAJA,TOCANTINS,171050
SANTA MARIA DAS BARREIRAS,PARA,150658
CABROBO,PERNAMBUCO,260300
CABO DE SANTO AGOSTINHO,PERNAMBUCO,260290
SAO CAITANO,PERNAMBUCO,261310
PESQUEIRA,PERNAMBUCO,261090
COUTO DE MAGALHAES,TOCANTINS,170600
TAMBORIL DO PIAUI,PIAUI,221095
SAIRE,PERNAMBUCO,261200
ITAPORA DO TOCANTINS,TOCANTINS,171110
TACAIMBO,PERNAMBUCO,261470
CARNAUBEIRA DA PENHA,PERNAMBUCO,260392
SANHARO,PERNAMBUCO,261240
ESCADA,PERNAMBUCO,260520
ALVORADA DO GURGUEIA,PIAUI,220045
OROCO,PERNAMBUCO,260980
FLORESTA,PERNAMBUCO,260570
AMARAJI,PERNAMBUCO,260090
PRIMAVERA,PERNAMBUCO,261140
PALMEIRA DO PIAUI,PIAUI,220740
ARCOVERDE,PERNAMBUCO,260120
QUEIMADA NOVA,PIAUI,220865
CAMOCIM DE SAO FELIX,PERNAMBUCO,260350
DORMENTES,PERNAMBUCO,260515
JOAO COSTA,PIAUI,220535
LAGOA DO BARRO DO PIAUI,PIAUI,220556
IPOJUCA,PERNAMBUCO,260720
IBIMIRIM,PERNAMBUCO,260660
BELEM DE SAO FRANCISCO,PERNAMBUCO,260160
SANTA MARIA DA BOA VISTA,PERNAMBUCO,261260
PRESIDENTE KENNEDY,TOCANTINS,171840
CAPITAO GERVASIO OLIVEIRA,PIAUI,220245
AGRESTINA,PERNAMBUCO,260030
AFRANIO,PERNAMBUCO,260020
BARRA DE GUABIRABA,PERNAMBUCO,260130
ALTINHO,PERNAMBUCO,260080
CORTES,PERNAMBUCO,260480
SAO JOAQUIM DO MONTE,PERNAMBUCO,261330
SAO BENTO DO UNA,PERNAMBUCO,261300
CACHOEIRINHA,PERNAMBUCO,260310
BONITO,PERNAMBUCO,260230
TUPANATINGA,PERNAMBUCO,261580
SANTA FILOMENA,PIAUI,220920
RECURSOLANDIA,TOCANTINS,171850
BUIQUE,PERNAMBUCO,260280
RIBEIRAO,PERNAMBUCO,261180
CURRAIS,PIAUI,220323
ALAGOINHA,PERNAMBUCO,260060
PEDRA,PERNAMBUCO,261080
VENTUROSA,PERNAMBUCO,261600
SIRINHAEM,PERNAMBUCO,261420
JOAQUIM NABUCO,PERNAMBUCO,260820
LAGOA GRANDE,PERNAMBUCO,260875
CANDEIAS DO JAMARI,RONDONIA,110080
AGUA PRETA,PERNAMBUCO,260040
GAMELEIRA,PERNAMBUCO,260590
PALMARES,PERNAMBUCO,261000
GUARAI,TOCANTINS,170930
BELEM DE MARIA,PERNAMBUCO,260150
PANELAS,PERNAMBUCO,261020
CUPIRA,PERNAMBUCO,260500
CURACA,BAHIA,290990
IBIRAJUBA,PERNAMBUCO,260670
ARAGUACEMA,TOCANTINS,170190
CAPOEIRAS,PERNAMBUCO,260380
ABARE,BAHIA,290020
LAJEDO,PERNAMBUCO,260880
CRISTINO CASTRO,PIAUI,220310
MACHADINHO D'OESTE,RONDONIA,110013
MANOEL URBANO,ACRE,120034
CATENDE,PERNAMBUCO,260420
RIO FORMOSO,PERNAMBUCO,261190
DOM INOCENCIO,PIAUI,220345
PETROLINA,PERNAMBUCO,261110
COLMEIA,TOCANTINS,171670
INAJA,PERNAMBUCO,260700
LAGOA DOS GATOS,PERNAMBUCO,260870
CORONEL JOSE DIAS,PIAUI,220285
ITACURUBA,PERNAMBUCO,260740
JUPI,PERNAMBUCO,260830
CALCADO,PERNAMBUCO,260330
SANTA MARIA DO TOCANTINS,TOCANTINS,171888
GOIANORTE,TOCANTINS,170830
JORDAO,ACRE,120032
TACARATU,PERNAMBUCO,261480
JUCATI,PERNAMBUCO,260825
MARECHAL THAUMATURGO,ACRE,120035
JAQUEIRA,PERNAMBUCO,260795
JUREMA,PERNAMBUCO,260840
PETROLANDIA,PERNAMBUCO,261100
SAO RAIMUNDO NONATO,PIAUI,221060
TAMANDARE,PERNAMBUCO,261485
CAETES,PERNAMBUCO,260320
SAO BENEDITO DO SUL,PERNAMBUCO,261290
CASA NOVA,BAHIA,290720
SAO BRAZ DO PIAUI,PIAUI,220955
SANTANA DO ARAGUAIA,PARA,150670
JUREMA,PIAUI,220553
CUJUBIM,RONDONIA,110094
CHORROCHO,BAHIA,290770
TUPIRAMA,TOCANTINS,172125
CANHOTINHO,PERNAMBUCO,260370
BARREIROS,PERNAMBUCO,260140
QUIPAPA,PERNAMBUCO,261150
MARAIAL,PERNAMBUCO,260920
GUARIBAS,PIAUI,220455
ALTO PARNAIBA,MARANHAO,210050
XEXEU,PERNAMBUCO,261650
SAO JOAO,PERNAMBUCO,261320
GARANHUNS,PERNAMBUCO,260600
JAMARI,RONDONIA,110110
RODELAS,BAHIA,292710
ANGELIM,PERNAMBUCO,260100
MANARI,PERNAMBUCO,260915
ARIPUANA,MATO GROSSO,510140
CENTENARIO,TOCANTINS,170410
ITAIBA,PERNAMBUCO,260750
COTRIGUACU,MATO GROSSO,510337
SANTA LUZ,PIAUI,220930
JACUIPE,ALAGOAS,270350
CAMPESTRE,ALAGOAS,270135
BOM JESUS DO TOCANTINS,TOCANTINS,170330
PARANATAMA,PERNAMBUCO,261030
SAO JOSE DA COROA GRANDE,PERNAMBUCO,261340
NOVO LINO,ALAGOAS,270560
COLONIA LEOPOLDINA,ALAGOAS,270210
MATA GRANDE,ALAGOAS,270500
IBATEGUARA,ALAGOAS,270300
MARAGOGI,ALAGOAS,270450
MACURURE,BAHIA,291990
SENA MADUREIRA,ACRE,120050
AGUAS BELAS,PERNAMBUCO,260050
SALOA,PERNAMBUCO,261230
LIZARDA,TOCANTINS,171240
DOIS IRMAOS DO TOCANTINS,TOCANTINS,170720
SAO JOSE DA LAJE,ALAGOAS,270830
IATI,PERNAMBUCO,260650
JUNDIA,ALAGOAS,270390
PORTO CALVO,ALAGOAS,270730
FORTALEZA DO TABOCAO,TOCANTINS,170825
PALMEIRINA,PERNAMBUCO,261010
SANTA ROSA DO PURUS,ACRE,120043
NOVA BANDEIRANTES,MATO GROSSO,510615
BOM JESUS,PIAUI,220190
BREJAO,PERNAMBUCO,260240
PEDRO AFONSO,TOCANTINS,171650
GLORIA,BAHIA,291140
CANAPI,ALAGOAS,270160
MATRIZ DE CAMARAGIBE,ALAGOAS,270510
TEREZINHA,PERNAMBUCO,261510
CORRENTES,PERNAMBUCO,260470
JAPARATINGA,ALAGOAS,270360
JOAQUIM GOMES,ALAGOAS,270380
BOM CONSELHO,PERNAMBUCO,260210
SANTANA DO MUNDAU,ALAGOAS,270810
BONFIM DO PIAUI,PIAUI,220192
SAO LOURENCO DO PIAUI,PIAUI,221035
RIO DOS BOIS,TOCANTINS,171870
UNIAO DOS PALMARES,ALAGOAS,270930
OURO BRANCO,ALAGOAS,270610
JUAZEIRO,BAHIA,291840
CASEARA,TOCANTINS,170390
PORTO DE PEDRAS,ALAGOAS,270740
ANISIO DE ABREU,PIAUI,220070
LAGOA DO OURO,PERNAMBUCO,260860
JATOBA,PERNAMBUCO,260805
AGUA BRANCA,ALAGOAS,270010
CARACOL,PIAUI,220250
FLEXEIRAS,ALAGOAS,270280
SAO LUIS DO QUITUNDE,ALAGOAS,270850
BRANQUINHA,ALAGOAS,270110
MURICI,ALAGOAS,270550
VARZEA BRANCA,PIAUI,221135
PARICONHA,ALAGOAS,270642
MARAVILHA,ALAGOAS,270460
ABREULANDIA,TOCANTINS,170025
DIRCEU ARCOVERDE,PIAUI,220335
CHA PRETA,ALAGOAS,270190
MIRANORTE,TOCANTINS,171330
INHAPI,ALAGOAS,270330
PARANAITA,MATO GROSSO,510629
PASSO DE CAMARAGIBE,ALAGOAS,270650
SAO MIGUEL DOS MILAGRES,ALAGOAS,270870
QUEBRANGULO,ALAGOAS,270760
VICOSA,ALAGOAS,270940
CAPELA,ALAGOAS,270170
GILBUES,PIAUI,220440
POCO DAS TRINCHEIRAS,ALAGOAS,270720
PIUM,TOCANTINS,171750
RIO SONO,TOCANTINS,171875
BUJARI,ACRE,120013
REMANSO,BAHIA,292600
SANTANA DO IPANEMA,ALAGOAS,270800
DELMIRO GOUVEIA,ALAGOAS,270240
CAMPO ALEGRE DE LOURDES,BAHIA,290590
MESSIAS,ALAGOAS,270520
MINADOR DO NEGRAO,ALAGOAS,270530
SENADOR RUI PALMEIRA,ALAGOAS,270895
ESTRELA DE ALAGOAS,ALAGOAS,270255
PALMEIRA DOS INDIOS,ALAGOAS,270630
REDENCAO DO GURGUEIA,PIAUI,220870
PAULO JACINTO,ALAGOAS,270660
TOCANTINIA,TOCANTINS,172110
OLHO D'AGUA DO CASADO,ALAGOAS,270580
PILAO ARCADO,BAHIA,292440
DOIS RIACHOS,ALAGOAS,270250
BARRA DE SANTO ANTONIO,ALAGOAS,270050
DIVINOPOLIS DO TOCANTINS,TOCANTINS,170710
CAJUEIRO,ALAGOAS,270130
PIRANHAS,ALAGOAS,270710
FARTURA DO PIAUI,PIAUI,220375
PORTO ACRE,ACRE,120080
MIRACEMA DO TOCANTINS,TOCANTINS,171320
PAULO AFONSO,BAHIA,292400
MACEIO,ALAGOAS,270430
VALE DO ANARI,RONDONIA,110175
CACIMBINHAS,ALAGOAS,270120
MONTE ALEGRE DO PIAUI,PIAUI,220660
ATALAIA,ALAGOAS,270040
RIO LARGO,ALAGOAS,270770
SENTO SE,BAHIA,293020
MAJOR ISIDORO,ALAGOAS,270440
ALTO PARAISO,RONDONIA,110040
PARIPUEIRA,ALAGOAS,270644
SOBRADINHO,BAHIA,293077
ALTA FLORESTA,MATO GROSSO,510025
SAO JOSE DA TAPERA,ALAGOAS,270840
CARNEIROS,ALAGOAS,270180
MAR VERMELHO,ALAGOAS,270490
OLIVENCA,ALAGOAS,270600
NOVO MUNDO,MATO GROSSO,510626
PINDOBA,ALAGOAS,270700
MORRO CABECA NO TEMPO,PIAUI,220665
OLHO D'AGUA DAS FLORES,ALAGOAS,270570
TANQUE D'ARCA,ALAGOAS,270900
IGACI,ALAGOAS,270310
BELEM,ALAGOAS,270080
MARIBONDO,ALAGOAS,270480
RIO BRANCO,ACRE,120040
GUARANTA DO NORTE,MATO GROSSO,510410
CANINDE DE SAO FRANCISCO,SERGIPE,280120
PAO DE ACUCAR,ALAGOAS,270640
RIO CRESPO,RONDONIA,110026
PILAR,ALAGOAS,270690
NOVA MONTE VERDE,MATO GROSSO,510895
SATUBA,ALAGOAS,270890
TAQUARANA,ALAGOAS,270910
MONTEIROPOLIS,ALAGOAS,270540
RIACHO FRIO,PIAUI,220885
MARIANOPOLIS DO TOCANTINS,TOCANTINS,171250
CRAIBAS,ALAGOAS,270235
COITE DO NOIA,ALAGOAS,270200
MATUPA,MATO GROSSO,510560
SANTA LUZIA DO NORTE,ALAGOAS,270790
JACARE DOS HOMENS,ALAGOAS,270340
SANTA BRIGIDA,BAHIA,292760
MARECHAL DEODORO,ALAGOAS,270470
ANADIA,ALAGOAS,270020
BOCA DA MATA,ALAGOAS,270100
JARAMATAIA,ALAGOAS,270370
COQUEIRO SECO,ALAGOAS,270220
BATALHA,ALAGOAS,270070
UAUA,BAHIA,293200
PEIXOTO DE AZEVEDO,MATO GROSSO,510642
JEREMOABO,BAHIA,291810
GIRAU DO PONCIANO,ALAGOAS,270290
ARAPIRACA,ALAGOAS,270030
PALESTINA,ALAGOAS,270620
CANUDOS,BAHIA,290682
LIMOEIRO DE ANADIA,ALAGOAS,270420
CURIMATA,PIAUI,220320
POCO REDONDO,SERGIPE,280540
ARIQUEMES,RONDONIA,110002
SAO MIGUEL DOS CAMPOS,ALAGOAS,270860
SENADOR GUIOMARD,ACRE,120045
SAO JOSE DO XINGU,MATO GROSSO,510735
JI-PARANA,RONDONIA,110012
ACRELANDIA,ACRE,120001
TRAIPU,ALAGOAS,270920
LAJEADO,TOCANTINS,171200
VILA RICA,MATO GROSSO,510860
LAGOA DA CANOA,ALAGOAS,270410
BELO MONTE,ALAGOAS,270090
CAMPO ALEGRE,ALAGOAS,270140
BARROLANDIA,TOCANTINS,170310
CARLINDA,MATO GROSSO,510279
BARREIRAS DO PIAUI,PIAUI,220130
PALMAS,TOCANTINS,172100
PORTO DA FOLHA,SERGIPE,280560
BARRA DE SAO MIGUEL,ALAGOAS,270060
APARECIDA DO RIO NEGRO,TOCANTINS,170110
JUNQUEIRO,ALAGOAS,270400
JAGUARARI,BAHIA,291770
SANTA TEREZINHA,MATO GROSSO,510777
FEIRA GRANDE,ALAGOAS,270260
THEOBROMA,RONDONIA,110160
ROTEIRO,ALAGOAS,270780
BURITIS,RONDONIA,110045
PEDRO ALEXANDRE,BAHIA,292420
CAMPO FORMOSO,BAHIA,290600
MONTE SANTO DO TOCANTINS,TOCANTINS,171370
SAO SEBASTIAO,ALAGOAS,270880
SAO FELIX DO TOCANTINS,TOCANTINS,172015
PARNAGUA,PIAUI,220760
TEOTONIO VILELA,ALAGOAS,270915
NOVO ACORDO,TOCANTINS,171510
CAMPO GRANDE,ALAGOAS,270150
GARARU,SERGIPE,280240
SAO GONCALO DO GURGUEIA,PIAUI,220975
CORURIPE,ALAGOAS,270230
NOVA MAMORE,RONDONIA,110033
MONTE SANTO,BAHIA,292150
ANDORINHA,BAHIA,290135
CHAPADA DE AREIA,TOCANTINS,170460
PORTO REAL DO COLEGIO,ALAGOAS,270750
AVELINO LOPES,PIAUI,220110
PLACIDO DE CASTRO,ACRE,120038
MONTE ALEGRE DE SERGIPE,SERGIPE,280420
OLHO D'AGUA GRANDE,ALAGOAS,270590
JURUENA,MATO GROSSO,510517
PORTO NACIONAL,TOCANTINS,171820
NOSSA SENHORA DE LOURDES,SERGIPE,280470
PARAISO DO TOCANTINS,TOCANTINS,171610
ITABI,SERGIPE,280310
PENEDO,ALAGOAS,270670
IGREJA NOVA,ALAGOAS,270320
SAO BRAS,ALAGOAS,270820
NOSSA SENHORA DA GLORIA,SERGIPE,280450
NOVA GUARITA,MATO GROSSO,510880
CANHOBA,SERGIPE,280110
VALE DO PARAISO,RONDONIA,110180
CONFRESA,MATO GROSSO,510335
MONTE NEGRO,RONDONIA,110140
FORMOSA DO RIO PRETO,BAHIA,291110
OURO PRETO DO OESTE,RONDONIA,110015
COLIDER,MATO GROSSO,510320
AMPARO DE SAO FRANCISCO,SERGIPE,280010
CORRENTE,PIAUI,220290
CORONEL JOAO SA,BAHIA,290920
GRACHO CARDOSO,SERGIPE,280260
TELHA,SERGIPE,280730
MATEIROS,TOCANTINS,171270
CAMPO NOVO DE RONDONIA,RONDONIA,110070
LAGOA DO TOCANTINS,TOCANTINS,171195
SANTA TEREZA DO TOCANTINS,TOCANTINS,171900
AQUIDABA,SERGIPE,280020
CACAULANDIA,RONDONIA,110060
XAPURI,ACRE,120070
ITAGUACU DA BAHIA,BAHIA,291535
PROPRIA,SERGIPE,280570
PONTE ALTA DO TOCANTINS,TOCANTINS,171790
SITIO DO QUINTO,BAHIA,293076
CARIRA,SERGIPE,280140
JULIO BORGES,PIAUI,220552
CAPIXABA,ACRE,120017
FEIRA NOVA,SERGIPE,280220
JARU,RONDONIA,110011
CEDRO DE SAO JOAO,SERGIPE,280160
BARRA,BAHIA,290270
TERRA NOVA DO NORTE,MATO GROSSO,510805
NOVA CANAA DO NORTE,MATO GROSSO,510621
EUCLIDES DA CUNHA,BAHIA,291070
BURITIRAMA,BAHIA,290475
FELIZ DESERTO,ALAGOAS,270270
CUMBE,SERGIPE,280190
NOSSA SENHORA APARECIDA,SERGIPE,280445
SAO MIGUEL DO ALEIXO,SERGIPE,280700
SANTANA DO SAO FRANCISCO,SERGIPE,280640
NEOPOLIS,SERGIPE,280440
SAO FRANCISCO,SERGIPE,280690
SENHOR DO BONFIM,BAHIA,293010
JAPOATA,SERGIPE,280340
MALHADA DOS BOIS,SERGIPE,280380
NOVO TRIUNFO,BAHIA,292305
PUGMIL,TOCANTINS,171845
NOSSA SENHORA DAS DORES,SERGIPE,280460
PIACABUCU,ALAGOAS,270680
MURIBECA,SERGIPE,280430
ANTAS,BAHIA,290160
CAPELA,SERGIPE,280130
UMBURANAS,BAHIA,293245
MONTE DO CARMO,TOCANTINS,171360
JUARA,MATO GROSSO,510510
FREI PAULO,SERGIPE,280230
PACATUBA,SERGIPE,280490
NOVA ROSALANDIA,TOCANTINS,171500
JAPARATUBA,SERGIPE,280330
ITIUBA,BAHIA,291700
RIBEIROPOLIS,SERGIPE,280600
BREJO GRANDE,SERGIPE,280070
ILHA DAS FLORES,SERGIPE,280270
SEBASTIAO BARROS,PIAUI,221062
CICERO DANTAS,BAHIA,290780
GUAJARA-MIRIM,RONDONIA,110010
ADUSTINA,BAHIA,290035
MARCELANDIA,MATO GROSSO,510558
CRISTALANDIA,TOCANTINS,170610
FATIMA,BAHIA,291075
SIRIRI,SERGIPE,280720
PORTO ALEGRE DO NORTE,MATO GROSSO,510677
BRASILEIA,ACRE,120010
GOVERNADOR JORGE TEIXEIRA,RONDONIA,110100
TABAPORA,MATO GROSSO,510794
PARIPIRANGA,BAHIA,292380
ANTONIO GONCALVES,BAHIA,290180
PINHAO,SERGIPE,280520
LAGOA DA CONFUSAO,TOCANTINS,171190
CANSANCAO,BAHIA,290680
ITAUBA,MATO GROSSO,510455
PEDRA MOLE,SERGIPE,280500
BANZAE,BAHIA,290265
MOITA BONITA,SERGIPE,280410
SANTA RITA DE CASSIA,BAHIA,292840
PINDOBACU,BAHIA,292460
OLIVEIRA DE FATIMA,TOCANTINS,171550
RIBEIRA DO POMBAL,BAHIA,292660
ITABAIANA,SERGIPE,280290
CASTANHEIRA,MATO GROSSO,510285
PIRAMBU,SERGIPE,280530
MANSIDAO,BAHIA,292045
SIMAO DIAS,SERGIPE,280710
SANTA ROSA DE LIMA,SERGIPE,280650
CRISTALANDIA DO PIAUI,PIAUI,220300
XIQUE-XIQUE,BAHIA,293360
QUIJINGUE,BAHIA,292590
MALHADOR,SERGIPE,280390
MIRANGABA,BAHIA,292140
MACAMBIRA,SERGIPE,280370
DIVINA PASTORA,SERGIPE,280200
FILADELFIA,BAHIA,291085
ROSARIO DO CATETE,SERGIPE,280610
CARMOPOLIS,SERGIPE,280150
TUCANO,BAHIA,293190
HELIOPOLIS,BAHIA,291185
LUCIARA,MATO GROSSO,510530
MARUIM,SERGIPE,280400
EPITACIOLANDIA,ACRE,120025
OUROLANDIA,BAHIA,292335
RIACHUELO,SERGIPE,280590
GENERAL MAYNARD,SERGIPE,280250
ASSIS BRASIL,ACRE,120005
CAMPO DO BRITO,SERGIPE,280100
SANTO AMARO DAS BROTAS,SERGIPE,280660
JUINA,MATO GROSSO,510515
FATIMA,TOCANTINS,170755
SAO DOMINGOS,SERGIPE,280680
LAGARTO,SERGIPE,280350
POCO VERDE,SERGIPE,280550
NOVA UNIAO,RONDONIA,110143
AREIA BRANCA,SERGIPE,280050
JUSSARA,BAHIA,291850
SANTA RITA DO TOCANTINS,TOCANTINS,171889
BARRA DOS COQUEIROS,SERGIPE,280060
BREJINHO DE NAZARE,TOCANTINS,170370
LARANJEIRAS,SERGIPE,280360
SAUDE,BAHIA,292980
NORDESTINA,BAHIA,292265
QUEIMADAS,BAHIA,292580
JACOBINA,BAHIA,291750
TOBIAS BARRETO,SERGIPE,280740
RIBEIRA DO AMPARO,BAHIA,292650
MORRO DO CHAPEU,BAHIA,292170
SAO GABRIEL,BAHIA,292925
PONTO NOVO,BAHIA,292525
NOSSA SENHORA DO SOCORRO,SERGIPE,280480
ITAPORANGA D'AJUDA,SERGIPE,280320
SAO CRISTOVAO,SERGIPE,280670
TEIXEIROPOLIS,RONDONIA,110155
SAO FELIX DO ARAGUAIA,MATO GROSSO,510785
ARACAJU,SERGIPE,280030
RIACHAO DO DANTAS,SERGIPE,280580
MIRANTE DA SERRA,RONDONIA,110130
ITAPICURU,BAHIA,291650
SILVANOPOLIS,TOCANTINS,172065
IPUEIRAS,TOCANTINS,170980
CALDEIRAO GRANDE,BAHIA,290550
CANABRAVA DO NORTE,MATO GROSSO,510269
PINDORAMA DO TOCANTINS,TOCANTINS,171700
BRASNORTE,MATO GROSSO,510190
VARZEA NOVA,BAHIA,293315
FELIZ NATAL,MATO GROSSO,510370
SALGADO,SERGIPE,280620
SANTALUZ,BAHIA,292800
ALMAS,TOCANTINS,170040
MINISTRO ANDREAZZA,RONDONIA,110120
PRESIDENTE MEDICI,RONDONIA,110025
CACOAL,RONDONIA,110004
ARACI,BAHIA,290210
ESPIGAO D'OESTE,RONDONIA,110009
VILHENA,RONDONIA,110030
BOQUIM,SERGIPE,280067
DUERE,TOCANTINS,170730
URUPA,RONDONIA,110170
GENTIO DO OURO,BAHIA,291130
JOAO DOURADO,BAHIA,291835
CIPO,BAHIA,290790
CENTRAL,BAHIA,290760
SAO MIGUEL DO GUAPORE,RONDONIA,110032
ALVORADA D'OESTE,RONDONIA,110034
ESTANCIA,SERGIPE,280210
CAEM,BAHIA,290510
CRIXAS DO TOCANTINS,TOCANTINS,170625
ITABAIANINHA,SERGIPE,280300
CLAUDIA,MATO GROSSO,510305
NOVA SOURE,BAHIA,292290
ALIANCA DO TOCANTINS,TOCANTINS,170035
ARAUA,SERGIPE,280040
CAPIM GROSSO,BAHIA,290687
PRESIDENTE DUTRA,BAHIA,292560
PEDRINHAS,SERGIPE,280510
UNIAO DO SUL,MATO GROSSO,510830
RIO DA CONCEICAO,TOCANTINS,171865
SANTA ROSA DO TOCANTINS,TOCANTINS,171890
QUERENCIA,MATO GROSSO,510706
CONCEICAO DO COITE,BAHIA,290840
IRECE,BAHIA,291460
MIGUEL CALMON,BAHIA,292120
QUIXABEIRA,BAHIA,292593
UIBAI,BAHIA,293240
NATIVIDADE,TOCANTINS,171420
IBIPEBA,BAHIA,291240
TOMAR DO GERU,SERGIPE,280750
AMERICA DOURADA,BAHIA,290115
OLINDINA,BAHIA,292310
CHAPADA DA NATIVIDADE,TOCANTINS,170510
NOVO HORIZONTE DO NORTE,MATO GROSSO,510627
NOVA BRASILANDIA D'OESTE,RONDONIA,110014
CASTANHEIRAS,RONDONIA,110090
SANTA LUZIA DO ITANHY,SERGIPE,280630
TAPURAH,MATO GROSSO,510800
VALENTE,BAHIA,293300
SAO VALERIO DA NATIVIDADE,TOCANTINS,172049
UMBAUBA,SERGIPE,280760
SAO JOSE DO JACUIPE,BAHIA,292937
SERROLANDIA,BAHIA,293060
RIACHAO DAS NEVES,BAHIA,292620
COTEGIPE,BAHIA,290940
WANDERLEY,BAHIA,293345
PORTO ALEGRE DO TOCANTINS,TOCANTINS,171800
GURUPI,TOCANTINS,170950
SINOP,MATO GROSSO,510790
IBITITA,BAHIA,291310
LAPAO,BAHIA,291915
PORTO DOS GAUCHOS,MATO GROSSO,510680
PEIXE,TOCANTINS,171660
RETIROLANDIA,BAHIA,292610
CRISOPOLIS,BAHIA,290960
RIO REAL,BAHIA,292700
DIANOPOLIS,TOCANTINS,170700
FORMOSO DO ARAGUAIA,TOCANTINS,170820
SAO DOMINGOS,BAHIA,292895
VARZEA DO POCO,BAHIA,293310
INDIAROBA,SERGIPE,280280
GAVIAO,BAHIA,291125
SERRINHA,BAHIA,293050
TEOFILANDIA,BAHIA,293150
CRISTINAPOLIS,SERGIPE,280170
BIRITINGA,BAHIA,290360
JANDAIRA,BAHIA,291790
SATIRO DIAS,BAHIA,292970
PIMENTA BUENO,RONDONIA,110018
VARZEA DA ROCA,BAHIA,293305
CAPELA DO ALTO ALEGRE,BAHIA,290685
SERINGUEIRAS,RONDONIA,110150
INHAMBUPE,BAHIA,291370
NOVO HORIZONTE DO OESTE,RONDONIA,110050
NOVA FATIMA,BAHIA,292273
ACAJUTIBA,BAHIA,290030
IBOTIRAMA,BAHIA,291320
MORPARA,BAHIA,292160
PIRITIBA,BAHIA,292480
APORA,BAHIA,290190
CAFARNAUM,BAHIA,290530
RIACHAO DO JACUIPE,BAHIA,292630
MAIRI,BAHIA,292010
NOVO JARDIM,TOCANTINS,171525
ALTO BOA VISTA,MATO GROSSO,510035
ROLIM DE MOURA,RONDONIA,110028
IPUPIARA,BAHIA,291410
BARRA DO MENDES,BAHIA,290300
COSTA MARQUES,RONDONIA,110008
CANARANA,BAHIA,290620
MUNDO NOVO,BAHIA,292210
BARREIRAS,BAHIA,290320
CONDE,BAHIA,290860
ICHU,BAHIA,291330
SANTA CARMEM,MATO GROSSO,510724
ESPLANADA,BAHIA,291060
AGUA FRIA,BAHIA,290040
BARRO ALTO,BAHIA,290323
PE DE SERRA,BAHIA,292405
NOVA MARINGA,MATO GROSSO,510890
SORRISO,MATO GROSSO,510792
LAMARAO,BAHIA,291910
PRIMAVERA DE RONDONIA,RONDONIA,110147
BROTAS DE MACAUBAS,BAHIA,290450
PINTADAS,BAHIA,292465
CARIRI DO TOCANTINS,TOCANTINS,170386
SAO FELIPE D'OESTE,RONDONIA,110148
ANGICAL,BAHIA,290140
PONTE ALTA DO BOM JESUS,TOCANTINS,171780
COCALINHO,MATO GROSSO,510310
CANDEAL,BAHIA,290640
SANTANOPOLIS,BAHIA,292830
TAPIRAMUTA,BAHIA,293130
SUCUPIRA,TOCANTINS,172085
ENTRE RIOS,BAHIA,291050
BAIXA GRANDE,BAHIA,290260
SOUTO SOARES,BAHIA,293080
SANTA BARBARA,BAHIA,292750
TANQUINHO,BAHIA,293110
ALTA FLORESTA D'OESTE,RONDONIA,110001
SAO FRANCISCO DO GUAPORE,RONDONIA,110149
CONCEICAO DO TOCANTINS,TOCANTINS,170560
SANTA LUZIA D'OESTE,RONDONIA,110029
MULUNGU DO MORRO,BAHIA,292205
BONITO,BAHIA,290405
MUQUEM DE SAO FRANCISCO,BAHIA,292225
UTINGA,BAHIA,293280
IPIRA,BAHIA,291400
SAPEZAL,MATO GROSSO,510787
ALAGOINHAS,BAHIA,290070
GAUCHA DO NORTE,MATO GROSSO,510385
CARDEAL DA SILVA,BAHIA,290700
ARAMARI,BAHIA,290220
TAIPAS DO TOCANTINS,TOCANTINS,172093
IRARA,BAHIA,291450
OURICANGAS,BAHIA,292330
OLIVEIRA DOS BREJINHOS,BAHIA,292320
FIGUEIROPOLIS,TOCANTINS,170765
PARANATINGA,MATO GROSSO,510630
ALTO ALEGRE DO PARECIS,RONDONIA,110037
MACAJUBA,BAHIA,291960
FEIRA DE SANTANA,BAHIA,291080
SERRA PRETA,BAHIA,293040
PARECIS,RONDONIA,110145
ARACAS,BAHIA,290205
PARANA,TOCANTINS,171620
CRISTOPOLIS,BAHIA,290970
SEABRA,BAHIA,292990
SANDOLANDIA,TOCANTINS,171884
PEDRAO,BAHIA,292410
NOVA UBIRATA,MATO GROSSO,510624
ANGUERA,BAHIA,290150
RUY BARBOSA,BAHIA,292720
CORACAO DE MARIA,BAHIA,290890
TAGUATINGA,TOCANTINS,172090
IRAQUARA,BAHIA,291440
WAGNER,BAHIA,293340
VERA,MATO GROSSO,510850
CATOLANDIA,BAHIA,290740
TEODORO SAMPAIO,BAHIA,293140
LENCOIS,BAHIA,291930
ITANAGRA,BAHIA,291590
CHUPINGUAIA,RONDONIA,110092
ALVORADA,TOCANTINS,170070
TABOCAS DO BREJO VELHO,BAHIA,293090
IPECAETA,BAHIA,291380
PARATINGA,BAHIA,292370
COMODORO,MATO GROSSO,510330
POJUCA,BAHIA,292520
BAIANOPOLIS,BAHIA,290250
CATU,BAHIA,290750
BREJOLANDIA,BAHIA,290440
SAO SALVADOR DO TOCANTINS,TOCANTINS,172025
LAJEDINHO,BAHIA,291900
RIBEIRAO CASCALHEIRA,MATO GROSSO,510718
TERRA NOVA,BAHIA,293170
ITABERABA,BAHIA,291470
ANTONIO CARDOSO,BAHIA,290170
AMELIA RODRIGUES,BAHIA,290110
SAO DESIDERIO,BAHIA,292890
RAFAEL JAMBEIRO,BAHIA,292595
SAO GONCALO DOS CAMPOS,BAHIA,292930
CONCEICAO DO JACUIPE,BAHIA,290850
ARRAIAS,TOCANTINS,170240
MATA DE SAO JOAO,BAHIA,292100
SANTO AMARO,BAHIA,292860
PALMEIRAS,BAHIA,292350
SANTO ESTEVAO,BAHIA,292880
IBITIARA,BAHIA,291300
TALISMA,TOCANTINS,172097
SAO MIGUEL DO ARAGUAIA,GOIAS,522020
JAU DO TOCANTINS,TOCANTINS,171150
SAO SEBASTIAO DO PASSE,BAHIA,292950
ARAGUACU,TOCANTINS,170200
BOA VISTA DO TUPIM,BAHIA,290380
CONCEICAO DA FEIRA,BAHIA,290820
IBIQUERA,BAHIA,291260
ANDARAI,BAHIA,290130
CAMACARI,BAHIA,290570
PIMENTEIRAS DO OESTE,RONDONIA,110146
AURORA DO TOCANTINS,TOCANTINS,170270
CABACEIRAS DO PARAGUACU,BAHIA,290485
BOQUIRA,BAHIA,290410
CACHOEIRA,BAHIA,290490
IACU,BAHIA,291190
SITIO DO MATO,BAHIA,293075
DIAS D'AVILA,BAHIA,291005
GOVERNADOR MANGABEIRA,BAHIA,291160
CASTRO ALVES,BAHIA,290730
ITATIM,BAHIA,291685
SAO FRANCISCO DO CONDE,BAHIA,292920
SANTA TERESINHA,BAHIA,292850
MURITIBA,BAHIA,292230
CANDEIAS,BAHIA,290650
SAO FELIX,BAHIA,292900
CANARANA,MATO GROSSO,510270
CORUMBIARA,RONDONIA,110007
CRUZ DAS ALMAS,BAHIA,290980
SERRA DOURADA,BAHIA,293030
LUCAS DO RIO VERDE,MATO GROSSO,510525
CAMPOS DE JULIO,MATO GROSSO,510268
LAVANDEIRA,TOCANTINS,171215
SIMOES FILHO,BAHIA,293070
SAPEACU,BAHIA,292960
BONINAL,BAHIA,290400
MUCUGE,BAHIA,292190
IBIPITANGA,BAHIA,291250
MARAGOGIPE,BAHIA,292060
SAUBARA,BAHIA,292975
SAO FELIPE,BAHIA,292910
MADRE DE DEUS,BAHIA,291992
NOVO HORIZONTE,BAHIA,292303
COMBINADO,TOCANTINS,170555
SALVADOR,BAHIA,292740
CONCEICAO DO ALMEIDA,BAHIA,290830
NOVA REDENCAO,BAHIA,292285
PORANGATU,GOIAS,521800
PALMEIROPOLIS,TOCANTINS,171575
LAURO DE FREITAS,BAHIA,291920
NOVO ALEGRE,TOCANTINS,171515
MONTIVIDIU DO NORTE,GOIAS,521377
BOM JESUS DA LAPA,BAHIA,290390
SANTANA,BAHIA,292820
PIATA,BAHIA,292430
NOVA MUTUM,MATO GROSSO,510622
CAMPOS BELOS,GOIAS,520490
SALINAS DA MARGARIDA,BAHIA,292730
NAZARE,BAHIA,292250
DOM MACEDO COSTA,BAHIA,291020
ITAPARICA,BAHIA,291610
ELISIO MEDRADO,BAHIA,291030
MILAGRES,BAHIA,292130
MACAUBAS,BAHIA,291980
NOVA ITARANA,BAHIA,292280
VARZEDO,BAHIA,293317
ITAETE,BAHIA,291500
JAGUARIPE,BAHIA,291780
COLORADO DO OESTE,RONDONIA,110006
AMARGOSA,BAHIA,290100
VERA CRUZ,BAHIA,293320
CAMPO NOVO DO PARECIS,MATO GROSSO,510263
MUNIZ FERREIRA,BAHIA,292220
BREJOES,BAHIA,290430
SANTO ANTONIO DE JESUS,BAHIA,292870
MARCIONILIO SOUZA,BAHIA,292080
SAO MIGUEL DAS MATAS,BAHIA,292940
SAO JOSE DO RIO CLARO,MATO GROSSO,510730
SANTA MARIA DA VITORIA,BAHIA,292810
RIO DO PIRES,BAHIA,292690
NOVO PLANALTO,GOIAS,521525
CANAPOLIS,BAHIA,290610
CORRENTINA,BAHIA,290930
CEREJEIRAS,RONDONIA,110005
MONTE ALEGRE DE GOIAS,GOIAS,521350
PLANALTINO,BAHIA,292490
ARATUIPE,BAHIA,290230
DIVINOPOLIS DE GOIAS,GOIAS,520830
SAO DOMINGOS,GOIAS,521980
CATURAMA,BAHIA,290755
LAJE,BAHIA,291880
UBAIRA,BAHIA,293210
CAVALCANTE,GOIAS,520530
ABAIRA,BAHIA,290010
IRAJUBA,BAHIA,291420
MINACU,GOIAS,521308
BOTUPORA,BAHIA,290420
SERRA DO RAMALHO,BAHIA,293015
JIQUIRICA,BAHIA,291820
MARACAS,BAHIA,292050
MUTUIPE,BAHIA,292240
SANTA INES,BAHIA,292790
VALENCA,BAHIA,293290
TROMBAS,GOIAS,522145
IBICOARA,BAHIA,291220
ERICO CARDOSO,BAHIA,290050
IRAMAIA,BAHIA,291430
SAO FELIX DO CORIBE,BAHIA,292905
PARAMIRIM,BAHIA,292360
JAGUAQUARA,BAHIA,291760
CABIXI,RONDONIA,110003
LAJEDO DO TABOCAL,BAHIA,291905
RIO DE CONTAS,BAHIA,292670
NOBRES,MATO GROSSO,510590
NOVA CRIXAS,GOIAS,521483
RIACHO DE SANTANA,BAHIA,292640
ITAQUARA,BAHIA,291670
JUSSIAPE,BAHIA,291860
PRESIDENTE TANCREDO NEVES,BAHIA,292575
ITIRUCU,BAHIA,291690
CRAVOLANDIA,BAHIA,290950
SANTA TEREZA DE GOIAS,GOIAS,521960
BONOPOLIS,GOIAS,520357
TANQUE NOVO,BAHIA,293105
CAIRU,BAHIA,290540
JABORANDI,BAHIA,291735
TERESINA DE GOIAS,GOIAS,522108
CORIBE,BAHIA,290910
NOVA ROMA,GOIAS,521490
BARRA DA ESTIVA,BAHIA,290280
FORMOSO,GOIAS,520810
TEOLANDIA,BAHIA,293160
TAPEROA,BAHIA,293120
LAFAIETE COUTINHO,BAHIA,291870
WENCESLAU GUIMARAES,BAHIA,293350
LIVRAMENTO DO BRUMADO,BAHIA,291950
MUNDO NOVO,GOIAS,521405
MUTUNOPOLIS,GOIAS,521410
NILO PECANHA,BAHIA,292260
DIAMANTINO,MATO GROSSO,510350
CAMPINACU,GOIAS,520465
CAETITE,BAHIA,290520
AGUA BOA,MATO GROSSO,510020
CONTENDAS DO SINCORA,BAHIA,290880
COLINAS DO SUL,GOIAS,520552
CAMPINAPOLIS,MATO GROSSO,510260
JEQUIE,BAHIA,291800
IGAPORA,BAHIA,291340
CAMPINORTE,GOIAS,520470
ITUBERA,BAHIA,291730
ITUACU,BAHIA,291720
FEIRA DA MATA,BAHIA,291077
DOM BASILIO,BAHIA,291010
CARINHANHA,BAHIA,290710
AMARALINA,GOIAS,520082
ESTRELA DO NORTE,GOIAS,520750
ITAMARI,BAHIA,291570
ROSARIO OESTE,MATO GROSSO,510770
GUARANI DE GOIAS,GOIAS,520940
PIRAI DO NORTE,BAHIA,292467
GANDU,BAHIA,291120
NOVA IBIA,BAHIA,292275
MATINA,BAHIA,292105
IGRAPIUNA,BAHIA,291345
APUAREMA,BAHIA,290195
MALHADA,BAHIA,292020
IACIARA,GOIAS,520990
JITAUNA,BAHIA,291830
COCOS,BAHIA,290810
MANOEL VITORINO,BAHIA,292040
MARA ROSA,GOIAS,521280
PALMAS DE MONTE ALTO,BAHIA,292340
IBIRATAIA,BAHIA,291290
TANHACU,BAHIA,293100
LAGOA REAL,BAHIA,291875
ALTO PARAISO DE GOIAS,GOIAS,520060
UBATA,BAHIA,293230
MARAU,BAHIA,292070
IBIRAPITANGA,BAHIA,291270
URUACU,GOIAS,522160
BARRA DO ROCHA,BAHIA,290310
UIRAPURU,GOIAS,522157
CAMAMU,BAHIA,290580
BRUMADO,BAHIA,290460
IPIAU,BAHIA,291390
NIQUELANDIA,GOIAS,521460
SANTA TEREZINHA DE GOIAS,GOIAS,521970
GUANAMBI,BAHIA,291170
MIRANTE,BAHIA,292145
NOVA LACERDA,MATO GROSSO,510618
VILA BELA DA SANTISSIMA TRINDADE,MATO GROSSO,510550
ITAGI,BAHIA,291510
TANGARA DA SERRA,MATO GROSSO,510795
AIQUARA,BAHIA,290060
POSSE,GOIAS,521830
SAO JOAO D'ALIANCA,GOIAS,522000
CAMPOS VERDES,GOIAS,520495
ALTO HORIZONTE,GOIAS,520055
FLORES DE GOIAS,GOIAS,520790
ARACATU,BAHIA,290200
NOVA IGUACU DE GOIAS,GOIAS,521487
ITAGIBA,BAHIA,291520
ARUANA,GOIAS,520250
CRIXAS,GOIAS,520640
NORTELANDIA,MATO GROSSO,510600
RIO DO ANTONIO,BAHIA,292680
NOVA MARILANDIA,MATO GROSSO,510885
CAETANOS,BAHIA,290515
IBIASSUCE,BAHIA,291200
NOVA XAVANTINA,MATO GROSSO,510625
GONGOGI,BAHIA,291150
PILAR DE GOIAS,GOIAS,521690
MAMBAI,GOIAS,521270
UBAITABA,BAHIA,293220
ITACARE,BAHIA,291490
MALHADA DE PEDRAS,BAHIA,292030
BOA NOVA,BAHIA,290370
MONTALVANIA,MINAS GERAIS,314270
BOM JESUS DA SERRA,BAHIA,290395
DARIO MEIRA,BAHIA,291000
JUVENILIA,MINAS GERAIS,313695
AURELINO LEAL,BAHIA,290240
PONTES E LACERDA,MATO GROSSO,510675
PLANALTO DA SERRA,MATO GROSSO,510645
PINDAI,BAHIA,292450
BURITINOPOLIS,GOIAS,520396
ARAGUAIANA,MATO GROSSO,510100
CANDIBA,BAHIA,290660
SANTO AFONSO,MATO GROSSO,510726
ALVORADA DO NORTE,GOIAS,520080
SEBASTIAO LARANJEIRAS,BAHIA,293000
CACULE,BAHIA,290500
IBICUI,BAHIA,291230
IUIU,BAHIA,291733
ARENAPOLIS,MATO GROSSO,510130
MANGA,MINAS GERAIS,313930
SIMOLANDIA,GOIAS,522068
ITAPITANGA,BAHIA,291660
ANAGE,BAHIA,290120
ALTO PARAGUAI,MATO GROSSO,510050
LICINIO DE ALMEIDA,BAHIA,291940
URUCUCA,BAHIA,293270
NOVO SAO JOAQUIM,MATO GROSSO,510628
POCOES,BAHIA,292510
ILHEUS,BAHIA,291360
NOVA BRASILANDIA,MATO GROSSO,510620
MAETINGA,BAHIA,291995
DAMIANOPOLIS,GOIAS,520670
CARAIBAS,BAHIA,290689
GUAJERU,BAHIA,291165
PLANALTO,BAHIA,292500
BONITO DE MINAS,MINAS GERAIS,310825
GUARINOS,GOIAS,520945
IGUAI,BAHIA,291350
DENISE,MATO GROSSO,510345
SITIO D'ABADIA,GOIAS,522070
URANDI,BAHIA,293260
PRESIDENTE JANIO QUADROS,BAHIA,292570
FORMOSA,GOIAS,520800
COARACI,BAHIA,290800
ITAJUIPE,BAHIA,291550
MATIAS CARDOSO,MINAS GERAIS,314085
CHAPADA DOS GUIMARAES,MATO GROSSO,510300
SANTA RITA DO NOVO DESTINO,GOIAS,521945
NOVA OLIMPIA,MATO GROSSO,510623
MIRAVANIA,MINAS GERAIS,314225
ALMADINA,BAHIA,290090
BARRA DO BUGRES,MATO GROSSO,510170
PRIMAVERA DO LESTE,MATO GROSSO,510704
MOZARLANDIA,GOIAS,521400
HIDROLINA,GOIAS,520980
JACARACI,BAHIA,291740
CONDEUBA,BAHIA,290870
CONEGO MARINHO,MINAS GERAIS,311783
AGUA FRIA DE GOIAS,GOIAS,520017
BARRO ALTO,GOIAS,520320
ESPINOSA,MINAS GERAIS,312430
NOVA CANAA,BAHIA,292270
VITORIA DA CONQUISTA,BAHIA,293330
VILA BOA,GOIAS,522220
BARRA DO CHOCA,BAHIA,290290
BARRO PRETO,BAHIA,290330
ITABUNA,BAHIA,291480
FORMOSO,MINAS GERAIS,312620
BELO CAMPO,BAHIA,290350
FLORESTA AZUL,BAHIA,291100
ITAPACI,GOIAS,521090
SAO JOAO DAS MISSOES,MINAS GERAIS,316245
IBICARAI,BAHIA,291210
GAMELEIRAS,MINAS GERAIS,312733
TREMEDAL,BAHIA,293180
SANTA CRUZ DA VITORIA,BAHIA,292780
BARRA DO GARCAS,MATO GROSSO,510180
SAO LUIZ DO NORTE,GOIAS,522015
FIRMINO ALVES,BAHIA,291090
MORTUGABA,BAHIA,292180
JANUARIA,MINAS GERAIS,313520
MIMOSO DE GOIAS,GOIAS,521305
ITAPE,BAHIA,291620
VILA PROPICIO,GOIAS,522230
PIRIPA,BAHIA,292470
CORDEIROS,BAHIA,290900
MAMONAS,MINAS GERAIS,313925
CAATIBA,BAHIA,290480
ARAGUAPAZ,GOIAS,520215
ITACARAMBI,MINAS GERAIS,313210
BUERAREMA,BAHIA,290470
BRITANIA,GOIAS,520380
ITAJU DO COLONIA,BAHIA,291540
ITORORO,BAHIA,291710
CAMPO VERDE,MATO GROSSO,510267
NOVA AMERICA,GOIAS,521470
JAIBA,MINAS GERAIS,313505
NOVA GLORIA,GOIAS,521486
ACORIZAL,MATO GROSSO,510010
MONTEZUMA,MINAS GERAIS,314345
SANTA ISABEL,GOIAS,521935
GOIANESIA,GOIAS,520860
MONTE AZUL,MINAS GERAIS,314290
JUSSARA,GOIAS,521220
SALTO DO CEU,MATO GROSSO,510775
JAURU,MATO GROSSO,510500
ARAPUTANGA,MATO GROSSO,510125
RESERVA DO CABACAL,MATO GROSSO,510715
ITAMBE,BAHIA,291580
BURITIS,MINAS GERAIS,310930
JUSSARI,BAHIA,291855
SAO JOSE DA VITORIA,BAHIA,292935
PLANALTINA,GOIAS,521760
MATRINCHA,GOIAS,521295
SANTO ANTONIO DO RETIRO,MINAS GERAIS,316045
CERES,GOIAS,520540
UNA,BAHIA,293250
RUBIATABA,GOIAS,521890
CUIABA,MATO GROSSO,510340
PAI PEDRO,MINAS GERAIS,314655
SAO JOAO DO PARAISO,MINAS GERAIS,316270
PADRE BERNARDO,GOIAS,521560
ARATACA,BAHIA,290225
ITAPETINGA,BAHIA,291640
NINHEIRA,MINAS GERAIS,314465
CANDIDO SALES,BAHIA,290670
JANGADA,MATO GROSSO,510490
LAMBARI D'OESTE,MATO GROSSO,510523
INDIAVAI,MATO GROSSO,510450
CACERES,MATO GROSSO,510250
RIO BRANCO,MATO GROSSO,510720
RIALMA,GOIAS,521860
VARGEM GRANDE DO RIO PARDO,MINAS GERAIS,317065
PORTO ESTRELA,MATO GROSSO,510685
GENERAL CARNEIRO,MATO GROSSO,510390
CATUTI,MINAS GERAIS,311547
FAINA,GOIAS,520753
RIBEIRAO DO LARGO,BAHIA,292665
MORRO AGUDO DE GOIAS,GOIAS,521385
POXOREO,MATO GROSSO,510700
CHAPADA GAUCHA,MINAS GERAIS,311615
PEDRAS DE MARIA DA CRUZ,MINAS GERAIS,314915
CAMACAN,BAHIA,290560
PAU BRASIL,BAHIA,292390
MACARANI,BAHIA,291970
SAO PATRICIO,GOIAS,522028
CARMO DO RIO VERDE,GOIAS,520500
FIGUEIROPOLIS D'OESTE,MATO GROSSO,510380
ENCRUZILHADA,BAHIA,291040
PORTEIRINHA,MINAS GERAIS,315220
JANAUBA,MINAS GERAIS,313510
MATO VERDE,MINAS GERAIS,314100
SANTA LUZIA,BAHIA,292805
VARZEA GRANDE,MATO GROSSO,510840
VERDELANDIA,MINAS GERAIS,317103
SAO JOSE DOS QUATRO MARCOS,MATO GROSSO,510710
ITAPURANGA,GOIAS,521120
MIRASSOL D'OESTE,MATO GROSSO,510562
COCALZINHO DE GOIAS,GOIAS,520551
ITARANTIM,BAHIA,291680
ARINOS,MINAS GERAIS,310450
DOM AQUINO,MATO GROSSO,510360
INDAIABIRA,MINAS GERAIS,313065
CANAVIEIRAS,BAHIA,290630
RIO PARDO DE MINAS,MINAS GERAIS,315560
URUANA,GOIAS,522170
SANTA FE DE GOIAS,GOIAS,521925
RIANAPOLIS,GOIAS,521870
NOSSA SENHORA DO LIVRAMENTO,MATO GROSSO,510610
ITAPIRAPUA,GOIAS,521100
JARAGUA,GOIAS,521180
PORTO ESPERIDIAO,MATO GROSSO,510682
MASCOTE,BAHIA,292090
IBIRACATU,MINAS GERAIS,312965
AGUAS VERMELHAS,MINAS GERAIS,310100
MONTES CLAROS DE GOIAS,GOIAS,521370
VARZELANDIA,MINAS GERAIS,317090
BRASILIA,DISTRITO FEDERAL,530010
PIRENOPOLIS,GOIAS,521730
MAIQUINIQUE,BAHIA,292000
CABECEIRAS,GOIAS,520400
SAO FRANCISCO,MINAS GERAIS,316110
TESOURO,MATO GROSSO,510810
POTIRAGUA,BAHIA,292540
GOIAS,GOIAS,520890
GUARAITA,GOIAS,520929
BERIZAL,MINAS GERAIS,310665
JACIARA,MATO GROSSO,510480
NOVA PORTEIRINHA,MINAS GERAIS,314505
TAIOBEIRAS,MINAS GERAIS,316800
DIVISA ALEGRE,MINAS GERAIS,312235
ITAGUARU,GOIAS,521060
DIVISOPOLIS,MINAS GERAIS,312245
MATA VERDE,MINAS GERAIS,314055
HEITORAI,GOIAS,520960
AGUAS LINDAS DE GOIAS,GOIAS,520025
SERRANOPOLIS DE MINAS,MINAS GERAIS,316695
GLORIA D'OESTE,MATO GROSSO,510395
POCONE,MATO GROSSO,510650
PONTAL DO ARAGUAIA,MATO GROSSO,510665
SANTO ANTONIO DO LEVERGER,MATO GROSSO,510780
SAO JOAO DA PONTE,MINAS GERAIS,316240
BANDEIRA,MINAS GERAIS,310520
URUCUIA,MINAS GERAIS,317052
CURRAL DE DENTRO,MINAS GERAIS,312087
PEDRA AZUL,MINAS GERAIS,314870
ITAPEBI,BAHIA,291630
LONTRA,MINAS GERAIS,313865
CORUMBA DE GOIAS,GOIAS,520580
JORDANIA,MINAS GERAIS,313650
BELMONTE,BAHIA,290340
CAPITAO ENEAS,MINAS GERAIS,311270
UNAI,MINAS GERAIS,317040
ITABERAI,GOIAS,521040
JAPONVAR,MINAS GERAIS,313535
ALMENARA,MINAS GERAIS,310170
RIACHO DOS MACHADOS,MINAS GERAIS,315450
ARAGARCAS,GOIAS,520170
SANTO ANTONIO DO DESCOBERTO,GOIAS,521975
SAO FRANCISCO DE GOIAS,GOIAS,521990
CACHOEIRA DE PAJEU,MINAS GERAIS,310270
PINTOPOLIS,MINAS GERAIS,315057
SALINAS,MINAS GERAIS,315700
ITAGUARI,GOIAS,521056
NOVO BRASIL,GOIAS,521520
URUANA DE MINAS,MINAS GERAIS,317047
SAO PEDRO DA CIPA,MATO GROSSO,510740
JUSCIMEIRA,MATO GROSSO,510520
GUIRATINGA,MATO GROSSO,510420
JESUPOLIS,GOIAS,521205
SALTO DA DIVISA,MINAS GERAIS,315710
NOVORIZONTE,MINAS GERAIS,314537
SANTA CRUZ DE SALINAS,MINAS GERAIS,315737
CABECEIRA GRANDE,MINAS GERAIS,310945
BOM JARDIM DE GOIAS,GOIAS,520340
ALEXANIA,GOIAS,520030
JACINTO,MINAS GERAIS,313470
FAZENDA NOVA,GOIAS,520760
FRUTA DE LEITE,MINAS GERAIS,312707
TAQUARAL DE GOIAS,GOIAS,522100
ITAGIMIRIM,BAHIA,291530
PATIS,MINAS GERAIS,314795
BRASILIA DE MINAS,MINAS GERAIS,310860
SANTA ROSA DE GOIAS,GOIAS,521950
ABADIANIA,GOIAS,520010
PETROLINA DE GOIAS,GOIAS,521680
RIACHINHO,MINAS GERAIS,315445
TORIXOREU,MATO GROSSO,510820
MOSSAMEDES,GOIAS,521390
ARENOPOLIS,GOIAS,520235
JAUPACI,GOIAS,521200
LUISLANDIA,MINAS GERAIS,313868
MEDINA,MINAS GERAIS,314140
CRISTALINA,GOIAS,520620
CIDADE OCIDENTAL,GOIAS,520549
EUNAPOLIS,BAHIA,291072
VALPARAISO DE GOIAS,GOIAS,522185
NOVO GAMA,GOIAS,521523
SANTA CRUZ CABRALIA,BAHIA,292770
JEQUITINHONHA,MINAS GERAIS,313580
RONDONOPOLIS,MATO GROSSO,510760
DIORAMA,GOIAS,520710
ICARAI DE MINAS,MINAS GERAIS,313005
FRANCISCO SA,MINAS GERAIS,312670
BURITI DE GOIAS,GOIAS,520393
BALIZA,GOIAS,520310
PIRANHAS,GOIAS,521720
MONTES CLAROS,MINAS GERAIS,314330
MIRABELA,MINAS GERAIS,314200
SAO ROMAO,MINAS GERAIS,316420
ITAUCU,GOIAS,521140
LUZIANIA,GOIAS,521250
ANAPOLIS,GOIAS,520110
SANTA MARIA DO SALTO,MINAS GERAIS,315810
GRAO MOGOL,MINAS GERAIS,312780
SANCLERLANDIA,GOIAS,521900
OURO VERDE DE GOIAS,GOIAS,521540
BARAO DE MELGACO,MATO GROSSO,510160
COMERCINHO,MINAS GERAIS,311700
PADRE CARVALHO,MINAS GERAIS,314625
UBAI,MINAS GERAIS,317000
INHUMAS,GOIAS,521000
DAMOLANDIA,GOIAS,520680
RUBIM,MINAS GERAIS,315660
CORREGO DO OURO,GOIAS,520570
ISRAELANDIA,GOIAS,521030
AMERICANO DO BRASIL,GOIAS,520085
RUBELITA,MINAS GERAIS,315650
GUARATINGA,BAHIA,291180
ANICUNS,GOIAS,520130
ARACU,GOIAS,520160
BONFINOPOLIS DE MINAS,MINAS GERAIS,310820
IPORA,GOIAS,521020
NOVA VENEZA,GOIAS,521500
SILVANIA,GOIAS,522060
SAO LUIS DE MONTES BELOS,GOIAS,522010
BRAZABRANTES,GOIAS,520360
RIBEIRAOZINHO,MATO GROSSO,510719
ADELANDIA,GOIAS,520015
SAO JOSE DO POVO,MATO GROSSO,510729
NEROPOLIS,GOIAS,521450
ITINGA,MINAS GERAIS,313400
PORTO SEGURO,BAHIA,292530
CORACAO DE JESUS,MINAS GERAIS,311880
NATALANDIA,MINAS GERAIS,314437
TEREZOPOLIS DE GOIAS,GOIAS,522119
SANTO ANTONIO DO JACINTO,MINAS GERAIS,316030
JOSENOPOLIS,MINAS GERAIS,313657
CAMPO AZUL,MINAS GERAIS,311115
AVELINOPOLIS,GOIAS,520280
MOIPORA,GOIAS,521340
CATURAI,GOIAS,520520
SANTO ANTONIO DE GOIAS,GOIAS,521973
LEOPOLDO DE BULHOES,GOIAS,521230
GOIANAPOLIS,GOIAS,520840
GOIANIRA,GOIAS,520880
IVOLANDIA,GOIAS,521160
ITAOBIM,MINAS GERAIS,313330
CORONEL MURTA,MINAS GERAIS,311950
SAO JOAO DO PACUI,MINAS GERAIS,316265
FIRMINOPOLIS,GOIAS,520780
TURVANIA,GOIAS,522150
PONTO CHIQUE,MINAS GERAIS,315213
GOIANIA,GOIAS,520870
ITABELA,BAHIA,291465
CAIAPONIA,GOIAS,520440
PALESTINA DE GOIAS,GOIAS,521565
VIRGEM DA LAPA,MINAS GERAIS,317160
PEDRA PRETA,MATO GROSSO,510637
FELISBURGO,MINAS GERAIS,312560
ALTO GARCAS,MATO GROSSO,510040
TRINDADE,GOIAS,522140
SANTA FE DE MINAS,MINAS GERAIS,315760
AMORINOPOLIS,GOIAS,520090
AURILANDIA,GOIAS,520260
DOVERLANDIA,GOIAS,520725
NAZARIO,GOIAS,521440
SANTA BARBARA DE GOIAS,GOIAS,521910
BONFINOPOLIS,GOIAS,520355
PONTE BRANCA,MATO GROSSO,510670
RIO DO PRADO,MINAS GERAIS,315510
ARAGUAINHA,MATO GROSSO,510120
DOM BOSCO,MINAS GERAIS,312247
CRISTALIA,MINAS GERAIS,312030
JOAIMA,MINAS GERAIS,313600
BURITIZEIRO,MINAS GERAIS,310940
ARACUAI,MINAS GERAIS,310340
CACHOEIRA DE GOIAS,GOIAS,520420
PALMEIRAS DE GOIAS,GOIAS,521570
SENADOR CANEDO,GOIAS,522045
PARACATU,MINAS GERAIS,314700
PONTO DOS VOLANTES,MINAS GERAIS,315217
VIANOPOLIS,GOIAS,522200
SAO JOAO DA LAGOA,MINAS GERAIS,316225
CALDAZINHA,GOIAS,520455
ITACAMBIRA,MINAS GERAIS,313200
PALMOPOLIS,MINAS GERAIS,314675
CAMPESTRE DE GOIAS,GOIAS,520460
PARAUNA,GOIAS,521640
BERILO,MINAS GERAIS,310650
JUCURUCU,BAHIA,291845
IBIAI,MINAS GERAIS,312960
BOTUMIRIM,MINAS GERAIS,310850
PALMINOPOLIS,GOIAS,521590
BRASILANDIA DE MINAS,MINAS GERAIS,310855
BELA VISTA DE GOIAS,GOIAS,520330
SAO JOAO DA PARAUNA,GOIAS,522005
JURAMENTO,MINAS GERAIS,313680
ABADIA DE GOIAS,GOIAS,520005
ITAMARAJU,BAHIA,291560
ORIZONA,GOIAS,521530
APARECIDA DE GOIANIA,GOIAS,520140
MONTE FORMOSO,MINAS GERAIS,314315
JOSE GONCALVES DE MINAS,MINAS GERAIS,313652
MINEIROS,GOIAS,521310
GUAPO,GOIAS,520920
SANTA HELENA DE MINAS,MINAS GERAIS,315765
BERTOPOLIS,MINAS GERAIS,310660
FRONTEIRA DOS VALES,MINAS GERAIS,312705
ALTO ARAGUAIA,MATO GROSSO,510030
GLAUCILANDIA,MINAS GERAIS,312735
CLARO DOS POCOES,MINAS GERAIS,311650
ARAGOIANIA,GOIAS,520180
SANTA RITA DO ARAGUAIA,GOIAS,521940
SAO MIGUEL DO PASSA QUATRO,GOIAS,522026
HIDROLANDIA,GOIAS,520970
BOCAIUVA,MINAS GERAIS,310730
FRANCISCO BADARO,MINAS GERAIS,312650
LAGOA DOS PATOS,MINAS GERAIS,313730
ITANHEM,BAHIA,291600
PRADO,BAHIA,292550
VEREDA,BAHIA,293325
JANDAIA,GOIAS,521170
AGUAS FORMOSAS,MINAS GERAIS,310090
IPAMERI,GOIAS,521010
CEZARINA,GOIAS,520545
PADRE PARAISO,MINAS GERAIS,314630
GUARACIAMA,MINAS GERAIS,312825
VARJAO,GOIAS,522190
LEME DO PRADO,MINAS GERAIS,313835
JEQUITAI,MINAS GERAIS,313560
CHAPADA DO NORTE,MINAS GERAIS,311610
INDIARA,GOIAS,520995
MONTIVIDIU,GOIAS,521375
MACHACALIS,MINAS GERAIS,313890
JOAO PINHEIRO,MINAS GERAIS,313630
CARAI,MINAS GERAIS,311300
ITIQUIRA,MATO GROSSO,510460
PIRES DO RIO,GOIAS,521740
PIRACANJUBA,GOIAS,521710
TURMALINA,MINAS GERAIS,316970
NOVO ORIENTE DE MINAS,MINAS GERAIS,314535
VARZEA DA PALMA,MINAS GERAIS,317080
JENIPAPO DE MINAS,MINAS GERAIS,313545
NOVO CRUZEIRO,MINAS GERAIS,314530
PROFESSOR JAMIL,GOIAS,521839
RIO VERDE,GOIAS,521880
MINAS NOVAS,MINAS GERAIS,314180
CRISOLITA,MINAS GERAIS,312015
CRISTIANOPOLIS,GOIAS,520630
CROMINIA,GOIAS,520650
MAIRIPOTABA,GOIAS,521260
ENGENHEIRO NAVARRO,MINAS GERAIS,312380
CAMPO ALEGRE DE GOIAS,GOIAS,520480
UMBURATIBA,MINAS GERAIS,317030
FRANCISCO DUMONT,MINAS GERAIS,312660
CORUMBA,MATO GROSSO DO SUL,500320
ACREUNA,GOIAS,520013
EDEALINA,GOIAS,520735
PORTELANDIA,GOIAS,521810
SANTA CRUZ DE GOIAS,GOIAS,521920
PIRAPORA,MINAS GERAIS,315120
EDEIA,GOIAS,520740
OLHOS-D'AGUA,MINAS GERAIS,314545
MEDEIROS NETO,BAHIA,292110
SONORA,MATO GROSSO DO SUL,500793
TEIXEIRA DE FREITAS,BAHIA,293135
ITAIPE,MINAS GERAIS,313230
CATUJI,MINAS GERAIS,311545
PALMELO,GOIAS,521580
CARBONITA,MINAS GERAIS,311350
ALCOBACA,BAHIA,290080
JATAI,GOIAS,521190
URUTAI,GOIAS,522180
PONTALINA,GOIAS,521770
PAVAO,MINAS GERAIS,314850
PEROLANDIA,GOIAS,521645
CARLOS CHAGAS,MINAS GERAIS,311370
VEREDINHA,MINAS GERAIS,317107
TEOFILO OTONI,MINAS GERAIS,316860
SANTO ANTONIO DA BARRA,GOIAS,521971
DIAMANTINA,MINAS GERAIS,312160
LAJEDAO,BAHIA,291890
CARAVELAS,BAHIA,290690
JOAQUIM FELICIO,MINAS GERAIS,313640
ANGELANDIA,MINAS GERAIS,310285
LADAINHA,MINAS GERAIS,313700
NANUQUE,MINAS GERAIS,314430
CATALAO,GOIAS,520510
GUARDA-MOR,MINAS GERAIS,312860
CALDAS NOVAS,GOIAS,520450
CAPELINHA,MINAS GERAIS,311230
LAGOA GRANDE,MINAS GERAIS,313753
VAZANTE,MINAS GERAIS,317100
ALTO TAQUARI,MATO GROSSO,510060
MORRINHOS,GOIAS,521380
ITAMARANDIBA,MINAS GERAIS,313250
BUENOPOLIS,MINAS GERAIS,310920
SENADOR MODESTINO GONCALVES,MINAS GERAIS,316590
TURVELANDIA,GOIAS,522155
VICENTINOPOLIS,GOIAS,522205
SETUBINHA,MINAS GERAIS,316555
SANTA HELENA DE GOIAS,GOIAS,521930
LASSANCE,MINAS GERAIS,313810
SERRA DOS AIMORES,MINAS GERAIS,316670
IBIRAPUA,BAHIA,291280
PEDRO GOMES,MATO GROSSO DO SUL,500640
ALOANDIA,GOIAS,520050
COXIM,MATO GROSSO DO SUL,500330
POTE,MINAS GERAIS,315240
JOVIANIA,GOIAS,521210
MALACACHETA,MINAS GERAIS,313920
RIO QUENTE,GOIAS,521878
ARICANDUVA,MINAS GERAIS,310445
MUCURI,BAHIA,292200
PRESIDENTE OLEGARIO,MINAS GERAIS,315340
LAGAMAR,MINAS GERAIS,313710
AGUA BOA,MINAS GERAIS,310060
PORTEIRAO,GOIAS,521805
NOVA VICOSA,BAHIA,292300
GOIATUBA,GOIAS,520910
SERRANOPOLIS,GOIAS,522050
COUTO DE MAGALHAES DE MINAS,MINAS GERAIS,312010
CORUMBAIBA,GOIAS,520590
MARZAGAO,GOIAS,521290
FRANCISCOPOLIS,MINAS GERAIS,312675
SAO GONCALO DO ABAETE,MINAS GERAIS,316170
MUCURICI,ESPIRITO SANTO,320360
ITAMBACURI,MINAS GERAIS,313270
SAO SEBASTIAO DO MARANHAO,MINAS GERAIS,316450
AGUA LIMPA,GOIAS,520020
ALCINOPOLIS,MATO GROSSO DO SUL,500025
NOVA AURORA,GOIAS,521480
DAVINOPOLIS,GOIAS,520690
MONTANHA,ESPIRITO SANTO,320350
COROMANDEL,MINAS GERAIS,311930
MAURILANDIA,GOIAS,521300
ATALEIA,MINAS GERAIS,310470
TRES MARIAS,MINAS GERAIS,316935
SAO GONCALO DO RIO PRETO,MINAS GERAIS,312550
CORINTO,MINAS GERAIS,311910
BURITI ALEGRE,GOIAS,520390
OURO VERDE DE MINAS,MINAS GERAIS,314620
AUGUSTO DE LIMA,MINAS GERAIS,310480
ECOPORANGA,ESPIRITO SANTO,320210
GOIANDIRA,GOIAS,520850
PEDRO CANARIO,ESPIRITO SANTO,320405
FREI GASPAR,MINAS GERAIS,312680
SANTA MARIA DO SUACUI,MINAS GERAIS,315820
BOM JESUS DE GOIAS,GOIAS,520350
COSTA RICA,MATO GROSSO DO SUL,500325
FELICIO DOS SANTOS,MINAS GERAIS,312540
CASTELANDIA,GOIAS,520505
RIO VERMELHO,MINAS GERAIS,315600
CHAPADAO DO CEU,GOIAS,520547
PANAMA,GOIAS,521600
FREI LAGONEGRO,MINAS GERAIS,312695
APARECIDA DO RIO DOCE,GOIAS,520145
COLUNA,MINAS GERAIS,311680
SAO JOSE DO JACURI,MINAS GERAIS,316350
PONTO BELO,ESPIRITO SANTO,320425
ITUMBIARA,GOIAS,521150
OUVIDOR,GOIAS,521550
QUIRINOPOLIS,GOIAS,521850
CAMPANARIO,MINAS GERAIS,311080
ABADIA DOS DOURADOS,MINAS GERAIS,310010
JOSE RAYDAN,MINAS GERAIS,313655
CUMARI,GOIAS,520660
MORADA NOVA DE MINAS,MINAS GERAIS,314350
MONJOLOS,MINAS GERAIS,314250
SAO JOSE DA SAFIRA,MINAS GERAIS,316300
SAO PEDRO DO SUACUI,MINAS GERAIS,316410
RIO VERDE DE MATO GROSSO,MATO GROSSO DO SUL,500740
SANTO HIPOLITO,MINAS GERAIS,316060
CONCEICAO DA BARRA,ESPIRITO SANTO,320160
PESCADOR,MINAS GERAIS,315000
PINHEIROS,ESPIRITO SANTO,320410
PATOS DE MINAS,MINAS GERAIS,314800
SAO JOSE DO DIVINO,MINAS GERAIS,316330
ANHANGUERA,GOIAS,520120
CURVELO,MINAS GERAIS,312090
SERRO,MINAS GERAIS,316710
CACU,GOIAS,520430
CACHOEIRA ALTA,GOIAS,520410
TRES RANCHOS,GOIAS,522130
SERRA AZUL DE MINAS,MINAS GERAIS,316650
NOVA MODICA,MINAS GERAIS,314490
DATAS,MINAS GERAIS,312100
TUPACIGUARA,MINAS GERAIS,316960
SAO JOAO EVANGELISTA,MINAS GERAIS,316280
ARAGUARI,MINAS GERAIS,310350
GOUVELANDIA,GOIAS,520915
VARJAO DE MINAS,MINAS GERAIS,317075
PECANHA,MINAS GERAIS,314860
GOUVEA,MINAS GERAIS,312760
PAULISTAS,MINAS GERAIS,314840
AGUA DOCE DO NORTE,ESPIRITO SANTO,320016
JAMPRUCA,MINAS GERAIS,313507
DOURADOQUARA,MINAS GERAIS,312350
VIRGOLANDIA,MINAS GERAIS,317190
INACIOLANDIA,GOIAS,520993
NOVA VENECIA,ESPIRITO SANTO,320390
BOA ESPERANCA,ESPIRITO SANTO,320100
CACHOEIRA DOURADA,GOIAS,520425
MATERLANDIA,MINAS GERAIS,314060
FREI INOCENCIO,MINAS GERAIS,312690
ARAPORA,MINAS GERAIS,310375
NACIP RAYDAN,MINAS GERAIS,314420
SANTO ANTONIO DO ITAMBE,MINAS GERAIS,316020
GRUPIARA,MINAS GERAIS,312790
MARILAC,MINAS GERAIS,314010
CANTAGALO,MINAS GERAIS,311205
BARRA DE SAO FRANCISCO,ESPIRITO SANTO,320090
SABINOPOLIS,MINAS GERAIS,315680
ITABIRINHA DE MANTENA,MINAS GERAIS,313180
NOVA BELEM,MINAS GERAIS,314467
SAO MATEUS,ESPIRITO SANTO,320490
CAMAPUA,MATO GROSSO DO SUL,500260
CASCALHO RICO,MINAS GERAIS,311500
MONTE CARMELO,MINAS GERAIS,314310
TIROS,MINAS GERAIS,316890
ITARUMA,GOIAS,521130
MORRO DA GARCA,MINAS GERAIS,314360
VILA PAVAO,ESPIRITO SANTO,320515
APORE,GOIAS,520150
CACHOEIRA DOURADA,MINAS GERAIS,310980
MENDES PIMENTEL,MINAS GERAIS,314150
SAO FELIX DE MINAS,MINAS GERAIS,316105
FELIXLANDIA,MINAS GERAIS,312570
PRESIDENTE JUSCELINO,MINAS GERAIS,315320
COROACI,MINAS GERAIS,311920
CENTRALINA,MINAS GERAIS,311580
MANTENA,MINAS GERAIS,313960
MONTE ALEGRE DE MINAS,MINAS GERAIS,314280
ESTRELA DO SUL,MINAS GERAIS,312480
PRESIDENTE KUBITSCHEK,MINAS GERAIS,315330
MATHIAS LOBATO,MINAS GERAIS,317150
CAPINOPOLIS,MINAS GERAIS,311260
GOVERNADOR VALADARES,MINAS GERAIS,312770
CANAPOLIS,MINAS GERAIS,311180
AQUIDAUANA,MATO GROSSO DO SUL,500110
DIVINO DAS LARANJEIRAS,MINAS GERAIS,312210
INIMUTABA,MINAS GERAIS,313110
UBERLANDIA,MINAS GERAIS,317020
IPIACU,MINAS GERAIS,313140
ITUIUTABA,MINAS GERAIS,313420
CONCEICAO DO MATO DENTRO,MINAS GERAIS,311750
CHAPADAO DO SUL,MATO GROSSO DO SUL,500295
PARANAIGUARA,GOIAS,521630
GUANHAES,MINAS GERAIS,312800
LAGOA FORMOSA,MINAS GERAIS,313750
SANTANA DE PIRAPAMA,MINAS GERAIS,315850
CARMO DO PARANAIBA,MINAS GERAIS,311430
VIRGINOPOLIS,MINAS GERAIS,317180
GUIMARANIA,MINAS GERAIS,312890
BIQUINHAS,MINAS GERAIS,310700
ALVORADA DE MINAS,MINAS GERAIS,310240
SANTA VITORIA,MINAS GERAIS,315980
SAO JOAO DO MANTENINHA,MINAS GERAIS,316257
CENTRAL DE MINAS,MINAS GERAIS,311570
PATROCINIO,MINAS GERAIS,314810
CONGONHAS DO NORTE,MINAS GERAIS,311810
SAO GABRIEL DO OESTE,MATO GROSSO DO SUL,500769
DIVINOLANDIA DE MINAS,MINAS GERAIS,312220
SARDOA,MINAS GERAIS,316550
GALILEIA,MINAS GERAIS,312730
CASSILANDIA,MATO GROSSO DO SUL,500290
JAGUARE,ESPIRITO SANTO,320305
DOM JOAQUIM,MINAS GERAIS,312260
GONZAGA,MINAS GERAIS,312750
ITAJA,GOIAS,521080
GURINHATA,MINAS GERAIS,312910
SENHORA DO PORTO,MINAS GERAIS,316610
PAINEIRAS,MINAS GERAIS,314640
MANTENOPOLIS,ESPIRITO SANTO,320330
SANTA EFIGENIA DE MINAS,MINAS GERAIS,315750
ROMARIA,MINAS GERAIS,315640
SAO GERALDO DA PIEDADE,MINAS GERAIS,316160
POMPEU,MINAS GERAIS,315200
SAO GERALDO DO BAIXIO,MINAS GERAIS,316165
INDIANOPOLIS,MINAS GERAIS,313070
VILA VALERIO,ESPIRITO SANTO,320517
AGUIA BRANCA,ESPIRITO SANTO,320013
SAO GABRIEL DA PALHA,ESPIRITO SANTO,320470
CONSELHEIRO PENA,MINAS GERAIS,311840
CRUZEIRO DA FORTALEZA,MINAS GERAIS,312070
ABAETE,MINAS GERAIS,310020
CUPARAQUE,MINAS GERAIS,312083
SAO SIMAO,GOIAS,522040
BRAUNAS,MINAS GERAIS,310880
TUMIRITINGA,MINAS GERAIS,316950
DORES DE GUANHAES,MINAS GERAIS,312310
SOORETAMA,ESPIRITO SANTO,320501
SERRA DO SALITRE,MINAS GERAIS,316680
NOVA PONTE,MINAS GERAIS,314500
ALPERCATA,MINAS GERAIS,310180
ACUCENA,MINAS GERAIS,310050
PRATA,MINAS GERAIS,315280
ALTO RIO NOVO,ESPIRITO SANTO,320035
PANCAS,ESPIRITO SANTO,320400
ARAPUA,MINAS GERAIS,310380
CORDISBURGO,MINAS GERAIS,311890
GOIABEIRA,MINAS GERAIS,312737
IRAI DE MINAS,MINAS GERAIS,313160
CARMESIA,MINAS GERAIS,311380
CAPITAO ANDRADE,MINAS GERAIS,311265
PERIQUITO,MINAS GERAIS,314995
CEDRO DO ABAETE,MINAS GERAIS,311560
ENGENHEIRO CALDAS,MINAS GERAIS,312370
LINHARES,ESPIRITO SANTO,320320
LADARIO,MATO GROSSO DO SUL,500520
SANTANA DO RIACHO,MINAS GERAIS,315900
ITANHOMI,MINAS GERAIS,313320
FERNANDES TOURINHO,MINAS GERAIS,312580
RIO PARANAIBA,MINAS GERAIS,315550
SAO DOMINGOS DO NORTE,ESPIRITO SANTO,320465
RESPLENDOR,MINAS GERAIS,315430
BALDIM,MINAS GERAIS,310500
FERROS,MINAS GERAIS,312590
RIO BANANAL,ESPIRITO SANTO,320435
JEQUITIBA,MINAS GERAIS,313570
MATUTINA,MINAS GERAIS,314120
COLATINA,ESPIRITO SANTO,320150
UBERABA,MINAS GERAIS,317010
PEDRINOPOLIS,MINAS GERAIS,314920
JOANESIA,MINAS GERAIS,313610
MORRO DO PILAR,MINAS GERAIS,314370
NAQUE,MINAS GERAIS,314435
MESQUITA,MINAS GERAIS,314170
PERDIZES,MINAS GERAIS,314980
SOBRALIA,MINAS GERAIS,316770
PARAOPEBA,MINAS GERAIS,314740
AGUA CLARA,MATO GROSSO DO SUL,500020
PARANAIBA,MATO GROSSO DO SUL,500630
TARUMIRIM,MINAS GERAIS,316840
BELO ORIENTE,MINAS GERAIS,310630
IAPU,MINAS GERAIS,312930
QUARTEL GERAL,MINAS GERAIS,315370
ARACAI,MINAS GERAIS,310320
SANTO ANTONIO DO RIO ABAIXO,MINAS GERAIS,316050
SAO GOTARDO,MINAS GERAIS,316210
RIO NEGRO,MATO GROSSO DO SUL,500730
INOCENCIA,MATO GROSSO DO SUL,500440
CAMPINA VERDE,MINAS GERAIS,311110
SANTA JULIANA,MINAS GERAIS,315770
MARTINHO CAMPOS,MINAS GERAIS,314050
PAPAGAIOS,MINAS GERAIS,314690
LIMEIRA DO OESTE,MINAS GERAIS,313862
UNIAO DE MINAS,MINAS GERAIS,317043
BAIXO GUANDU,ESPIRITO SANTO,320080
JABOTICATUBAS,MINAS GERAIS,313460
SAO SEBASTIAO DO RIO PRETO,MINAS GERAIS,316480
ITUETA,MINAS GERAIS,313410
ALVARENGA,MINAS GERAIS,310220
SERRA DA SAUDADE,MINAS GERAIS,316660
SAO JOAO DO ORIENTE,MINAS GERAIS,316260
CAETANOPOLIS,MINAS GERAIS,310990
SANTA RITA DO ITUETO,MINAS GERAIS,315950
BUGRE,MINAS GERAIS,310925
FUNILANDIA,MINAS GERAIS,312720
SANTA MARIA DE ITABIRA,MINAS GERAIS,315800
IBIA,MINAS GERAIS,312950
SANTANA DO PARAISO,MINAS GERAIS,315895
SETE LAGOAS,MINAS GERAIS,316720
DORES DO INDAIA,MINAS GERAIS,312320
ITAMBE DO MATO DENTRO,MINAS GERAIS,313280
MARILANDIA,ESPIRITO SANTO,320335
PASSABEM,MINAS GERAIS,314750
IPABA,MINAS GERAIS,313115
CORONEL FABRICIANO,MINAS GERAIS,311940
INHAPIM,MINAS GERAIS,313090
DOM CAVATI,MINAS GERAIS,312250
IPATINGA,MINAS GERAIS,313130
AIMORES,MINAS GERAIS,310110
MATOZINHOS,MINAS GERAIS,314110
PRUDENTE DE MORAIS,MINAS GERAIS,315360
ANTONIO DIAS,MINAS GERAIS,310300
INHAUMA,MINAS GERAIS,313100
VERISSIMO,MINAS GERAIS,317110
CAMPOS ALTOS,MINAS GERAIS,311150
MARAVILHAS,MINAS GERAIS,313970
POCRANE,MINAS GERAIS,315190
ITABIRA,MINAS GERAIS,313170
FORTUNA DE MINAS,MINAS GERAIS,312640
SACRAMENTO,MINAS GERAIS,315690
ESTRELA DO INDAIA,MINAS GERAIS,312470
ARAXA,MINAS GERAIS,310400
CARATINGA,MINAS GERAIS,311340
PITANGUI,MINAS GERAIS,315140
SAO SEBASTIAO DO ANTA,MINAS GERAIS,316447
CORGUINHO,MATO GROSSO DO SUL,500310
SAO DOMINGOS DAS DORES,MINAS GERAIS,316095
SANTA ROSA DA SERRA,MINAS GERAIS,315970
CARNEIRINHO,MINAS GERAIS,311455
CACHOEIRA DA PRATA,MINAS GERAIS,310960
NOVA UNIAO,MINAS GERAIS,313660
PEDRO LEOPOLDO,MINAS GERAIS,314930
TIMOTEO,MINAS GERAIS,316870
BOM DESPACHO,MINAS GERAIS,310740
TAQUARACU DE MINAS,MINAS GERAIS,316830
BOM JESUS DO GALHO,MINAS GERAIS,310780
CAPIM BRANCO,MINAS GERAIS,311250
ITAPAGIPE,MINAS GERAIS,313340
PEQUI,MINAS GERAIS,314960
RIBAS DO RIO PARDO,MATO GROSSO DO SUL,500710
LEANDRO FERREIRA,MINAS GERAIS,313830
BANDEIRANTES,MATO GROSSO DO SUL,500150
CAMPO FLORIDO,MINAS GERAIS,311140
LAGOA SANTA,MINAS GERAIS,313760
COMENDADOR GOMES,MINAS GERAIS,311690
VARGEM ALEGRE,MINAS GERAIS,317057
IMBE DE MINAS,MINAS GERAIS,313055
JAGUARACU,MINAS GERAIS,313500
ITURAMA,MINAS GERAIS,313440
ARACRUZ,ESPIRITO SANTO,320060
MARLIERIA,MINAS GERAIS,314030
ITAGUACU,ESPIRITO SANTO,320270
NOVA ERA,MINAS GERAIS,314470
ESMERALDAS,MINAS GERAIS,312410
IPANEMA,MINAS GERAIS,313120
ENTRE FOLHAS,MINAS GERAIS,312385
UBAPORANGA,MINAS GERAIS,317005
CONFINS,MINAS GERAIS,311787
SAO FRANCISCO DE SALES,MINAS GERAIS,316130
SAO JOSE DA VARGINHA,MINAS GERAIS,316310
ONCA DE PITANGUI,MINAS GERAIS,314580
CORREGO DANTA,MINAS GERAIS,311980
SANTA LUZIA,MINAS GERAIS,315780
TRES LAGOAS,MATO GROSSO DO SUL,500830
MIRANDA,MATO GROSSO DO SUL,500560
SAO ROQUE DO CANAA,ESPIRITO SANTO,320495
JOAO NEIVA,ESPIRITO SANTO,320313
BOM JESUS DO AMPARO,MINAS GERAIS,310770
PRATINHA,MINAS GERAIS,315300
SAO JOSE DA LAPA,MINAS GERAIS,316295
LUZ,MINAS GERAIS,313880
MUTUM,MINAS GERAIS,314400
TAPARUBA,MINAS GERAIS,316805
CONQUISTA,MINAS GERAIS,311820
VESPASIANO,MINAS GERAIS,317120
SAO GONCALO DO RIO ABAIXO,MINAS GERAIS,316190
PIEDADE DE CARATINGA,MINAS GERAIS,315015
CONCEICAO DO PARA,MINAS GERAIS,311760
CAETE,MINAS GERAIS,311000
PARA DE MINAS,MINAS GERAIS,314710
PINGO D'AGUA,MINAS GERAIS,315053
RIBEIRAO DAS NEVES,MINAS GERAIS,315460
SAO DOMINGOS DO PRATA,MINAS GERAIS,316100
SABARA,MINAS GERAIS,315670
BELA VISTA DE MINAS,MINAS GERAIS,310600
SANTA TERESA,ESPIRITO SANTO,320460
IBIRACU,ESPIRITO SANTO,320250
CONCEICAO DAS ALAGOAS,MINAS GERAIS,311730
ROCHEDO,MATO GROSSO DO SUL,500750
DIONISIO,MINAS GERAIS,312180
MOEMA,MINAS GERAIS,314240
CORREGO NOVO,MINAS GERAIS,312000
BARAO DE COCAIS,MINAS GERAIS,310540
FLORESTAL,MINAS GERAIS,312600
LARANJA DA TERRA,ESPIRITO SANTO,320316
TAPIRA,MINAS GERAIS,316810
NOVA SERRANA,MINAS GERAIS,314520
FRUTAL,MINAS GERAIS,312710
BELO HORIZONTE,MINAS GERAIS,310620
POPULINA,SAO PAULO,354040
ARAUJOS,MINAS GERAIS,310390
TAPIRAI,MINAS GERAIS,316820
OUROESTE,SAO PAULO,353475
JOAO MONLEVADE,MINAS GERAIS,313620
APARECIDA DO TABOADO,MATO GROSSO DO SUL,500100
CONTAGEM,MINAS GERAIS,311860
CONCEICAO DE IPANEMA,MINAS GERAIS,311740
SIMONESIA,MINAS GERAIS,316760
PERDIGAO,MINAS GERAIS,314970
SANTA RITA DE MINAS,MINAS GERAIS,315935
BETIM,MINAS GERAIS,310670
ITARANA,ESPIRITO SANTO,320290
AGUA COMPRIDA,MINAS GERAIS,310070
RAUL SOARES,MINAS GERAIS,315400
PIRAJUBA,MINAS GERAIS,315070
LAGOA DA PRATA,MINAS GERAIS,313720
SANTO ANTONIO DO MONTE,MINAS GERAIS,316040
SAO GONCALO DO PARA,MINAS GERAIS,316180
MEDEIROS,MINAS GERAIS,314130
SAO JOSE DO GOIABAL,MINAS GERAIS,316340
RIO PIRACICABA,MINAS GERAIS,315570
FUNDAO,ESPIRITO SANTO,320220
MESOPOLIS,SAO PAULO,352965
DELTA,MINAS GERAIS,312125
INDIAPORA,SAO PAULO,352070
IGARATINGA,MINAS GERAIS,313020
MIRA ESTRELA,SAO PAULO,353000
SANTA BARBARA DO LESTE,MINAS GERAIS,315725
SAO PEDRO DOS FERROS,MINAS GERAIS,316400
SANTA BARBARA,MINAS GERAIS,315720
AFONSO CLAUDIO,ESPIRITO SANTO,320010
BAMBUI,MINAS GERAIS,310510
JUATUBA,MINAS GERAIS,313665
PAULO DE FARIA,SAO PAULO,353660
SANTA ALBERTINA,SAO PAULO,354570
SELVIRIA,MATO GROSSO DO SUL,500780
CARDOSO,SAO PAULO,351070
MATEUS LEME,MINAS GERAIS,314070
DIVINOPOLIS,MINAS GERAIS,312230
RIOLANDIA,SAO PAULO,354420
SANTANA DO MANHUACU,MINAS GERAIS,315890
NOVA LIMA,MINAS GERAIS,314480
RAPOSOS,MINAS GERAIS,315390
ITAUNA,MINAS GERAIS,313380
BREJETUBA,ESPIRITO SANTO,320115
CHALE,MINAS GERAIS,311600
SANTA LEOPOLDINA,ESPIRITO SANTO,320450
SANTA MARIA DE JETIBA,ESPIRITO SANTO,320455
RIFAINA,SAO PAULO,354360
IBIRITE,MINAS GERAIS,312980
IGUATAMA,MINAS GERAIS,313030
SANTA RITA D'OESTE,SAO PAULO,354740
SAO ROQUE DE MINAS,MINAS GERAIS,316430
VERMELHO NOVO,MINAS GERAIS,317115
PLANURA,MINAS GERAIS,315160
IGARAPAVA,SAO PAULO,352010
TURMALINA,SAO PAULO,355530
SAO JOSE DO MANTIMENTO,MINAS GERAIS,316360
MACEDONIA,SAO PAULO,352820
RIO CASCA,MINAS GERAIS,315490
PARANAPUA,SAO PAULO,353590
MANHUACU,MINAS GERAIS,313940
SANTA CLARA D'OESTE,SAO PAULO,354610
IGARAPE,MINAS GERAIS,313010
CATAS ALTAS,MINAS GERAIS,311535
RIO ACIMA,MINAS GERAIS,315480
JARAGUARI,MATO GROSSO DO SUL,500490
SAO JOAQUIM DE BICAS,MINAS GERAIS,316292
ALVINOPOLIS,MINAS GERAIS,310230
SEM-PEIXE,MINAS GERAIS,316556
PEDREGULHO,SAO PAULO,353700
SERRA,ESPIRITO SANTO,320500
GUARANI D'OESTE,SAO PAULO,351800
SARZEDO,MINAS GERAIS,316553
MIGUELOPOLIS,SAO PAULO,352970
DOM SILVERIO,MINAS GERAIS,312270
LAJINHA,MINAS GERAIS,313770
DOLCINOPOLIS,SAO PAULO,351420
DURANDE,MINAS GERAIS,312352
MARIO CAMPOS,MINAS GERAIS,314015
CARMO DO CAJURU,MINAS GERAIS,311420
BRUMADINHO,MINAS GERAIS,310900
URANIA,SAO PAULO,355580
JAPARAIBA,MINAS GERAIS,313530
ARAMINA,SAO PAULO,350300
PONTES GESTAL,SAO PAULO,354030
ARCOS,MINAS GERAIS,310420
CAPUTIRA,MINAS GERAIS,311290
PEDRANOPOLIS,SAO PAULO,353690
FERNANDOPOLIS,SAO PAULO,351550
RUBINEIA,SAO PAULO,354450
ESTRELA D'OESTE,SAO PAULO,351520
ORINDIUVA,SAO PAULO,353420
ITABIRITO,MINAS GERAIS,313190
ITATIAIUCU,MINAS GERAIS,313370
BURITIZAL,SAO PAULO,350820
ABRE CAMPO,MINAS GERAIS,310030
MARIANA,MINAS GERAIS,314000
SANTA CRUZ DO ESCALVADO,MINAS GERAIS,315740
FRONTEIRA,MINAS GERAIS,312700
GUAIRA,SAO PAULO,351740
ASPASIA,SAO PAULO,350395
SANTA FE DO SUL,SAO PAULO,354660
JALES,SAO PAULO,352480
SAO SEBASTIAO DO OESTE,MINAS GERAIS,316460
DOIS IRMAOS DO BURITI,MATO GROSSO DO SUL,500348
TERENOS,MATO GROSSO DO SUL,500800
RIO DOCE,MINAS GERAIS,315500
COLOMBIA,SAO PAULO,351210
GUARACI,SAO PAULO,351790
DOMINGOS MARTINS,ESPIRITO SANTO,320190
VITORIA BRASIL,SAO PAULO,355695
REDUTO,MINAS GERAIS,315415
ITUVERAVA,SAO PAULO,352410
RIO MANSO,MINAS GERAIS,315530
OURO PRETO,MINAS GERAIS,314610
SANTANA DA PONTE PENSA,SAO PAULO,354720
TRES FRONTEIRAS,SAO PAULO,355490
BARRA LONGA,MINAS GERAIS,310570
CAMPO GRANDE,MATO GROSSO DO SUL,500270
DELFINOPOLIS,MINAS GERAIS,312120
PALESTINA,SAO PAULO,353500
ALVARES FLORENCE,SAO PAULO,350120
BODOQUENA,MATO GROSSO DO SUL,500215
PEDRA DO INDAIA,MINAS GERAIS,314890
PARISI,SAO PAULO,353625
PIEDADE DE PONTE NOVA,MINAS GERAIS,315020
SANTA SALETE,SAO PAULO,354765
AMERICO DE CAMPOS,SAO PAULO,350180
MARTINS SOARES,MINAS GERAIS,314053
MUNIZ FREIRE,ESPIRITO SANTO,320370
MATIPO,MINAS GERAIS,314090
IUNA,ESPIRITO SANTO,320300
IBATIBA,ESPIRITO SANTO,320245
BONFIM,MINAS GERAIS,310810
CARIACICA,ESPIRITO SANTO,320130
DORESOPOLIS,MINAS GERAIS,312340
IBIRACI,MINAS GERAIS,312970
CLARAVAL,MINAS GERAIS,311640
CONCEICAO DO CASTELO,ESPIRITO SANTO,320170
VITORIA,ESPIRITO SANTO,320530
PORTO MURTINHO,MATO GROSSO DO SUL,500690
CLAUDIO,MINAS GERAIS,311660
MOEDA,MINAS GERAIS,314230
ITAGUARA,MINAS GERAIS,313220
ICEM,SAO PAULO,351980
IRUPI,ESPIRITO SANTO,320265
COSMORAMA,SAO PAULO,351290
ITAPECERICA,MINAS GERAIS,313350
SANTO ANTONIO DO GRAMA,MINAS GERAIS,316010
URUCANIA,MINAS GERAIS,317050
CRISTAIS PAULISTA,SAO PAULO,351320
PONTE NOVA,MINAS GERAIS,315210
ILHA SOLTEIRA,SAO PAULO,352044
JERIQUARA,SAO PAULO,352540
VIANA,ESPIRITO SANTO,320510
VENDA NOVA DO IMIGRANTE,ESPIRITO SANTO,320506
SAO JOAO DO MANHUACU,MINAS GERAIS,316255
PAINS,MINAS GERAIS,314650
MANHUMIRIM,MINAS GERAIS,313950
IPUA,SAO PAULO,352130
BARRETOS,SAO PAULO,350550
NOVA CANAA PAULISTA,SAO PAULO,353284
BELO VALE,MINAS GERAIS,310640
NOVA GRANADA,SAO PAULO,353300
VALENTIM GENTIL,SAO PAULO,355610
MERIDIANO,SAO PAULO,352960
SAO FRANCISCO,SAO PAULO,354900
FORMIGA,MINAS GERAIS,312610
VOTUPORANGA,SAO PAULO,355710
VILA VELHA,ESPIRITO SANTO,320520
VARGEM BONITA,MINAS GERAIS,317060
CRUCILANDIA,MINAS GERAIS,312060
TANABI,SAO PAULO,355340
SANTA MARGARIDA,MINAS GERAIS,315790
PALMEIRA D'OESTE,SAO PAULO,353520
PIUI,MINAS GERAIS,315150
SAO JOAO DAS DUAS PONTES,SAO PAULO,354920
ACAIACA,MINAS GERAIS,310040
JEQUERI,MINAS GERAIS,313550
MARECHAL FLORIANO,ESPIRITO SANTO,320334
PEDRA BONITA,MINAS GERAIS,314875
PIMENTA,MINAS GERAIS,315050
CASSIA,MINAS GERAIS,311510
LUISBURGO,MINAS GERAIS,313867
ORATORIOS,MINAS GERAIS,314585
ALTO JEQUITIBA,MINAS GERAIS,315350
IBITIRAMA,ESPIRITO SANTO,320255
DIRCE REIS,SAO PAULO,351385
PONTALINDA,SAO PAULO,354025
SUZANAPOLIS,SAO PAULO,355255
SAO JOAO BATISTA DO GLORIA,MINAS GERAIS,316220
CORREGO FUNDO,MINAS GERAIS,311995
PIEDADE DOS GERAIS,MINAS GERAIS,315040
RIBEIRAO CORRENTE,SAO PAULO,354310
GUARA,SAO PAULO,351770
CAPARAO,MINAS GERAIS,311210
APARECIDA D'OESTE,SAO PAULO,350260
CASTELO,ESPIRITO SANTO,320140
CARMOPOLIS DE MINAS,MINAS GERAIS,311450
SERICITA,MINAS GERAIS,316630
MARINOPOLIS,SAO PAULO,352910
ALTAIR,SAO PAULO,350090
CONGONHAS,MINAS GERAIS,311800
FRANCA,SAO PAULO,351620
VARGEM ALTA,ESPIRITO SANTO,320503
PIRACEMA,MINAS GERAIS,315060
DIOGO DE VASCONCELOS,MINAS GERAIS,312170
ANASTACIO,MATO GROSSO DO SUL,500070
ALFREDO CHAVES,ESPIRITO SANTO,320030
OURO BRANCO,MINAS GERAIS,314590
ORIZANIA,MINAS GERAIS,314587
SAO JOAQUIM DA BARRA,SAO PAULO,354940
GUARACIABA,MINAS GERAIS,312820
MORRO AGUDO,SAO PAULO,353190
GUARAPARI,ESPIRITO SANTO,320240
AMPARO DO SERRA,MINAS GERAIS,310250
PEREIRA BARRETO,SAO PAULO,353740
SAO JOAO DE IRACEMA,SAO PAULO,354925
PASSOS,MINAS GERAIS,314790
ITAPURA,SAO PAULO,352300
DIVINO,MINAS GERAIS,312200
MAGDA,SAO PAULO,352830
CARMO DA MATA,MINAS GERAIS,311400
ESPERA FELIZ,MINAS GERAIS,312420
DORES DO RIO PRETO,ESPIRITO SANTO,320200
SAO JOSE DA BELA VISTA,SAO PAULO,354950
ALTO CAPARAO,MINAS GERAIS,310205
JECEABA,MINAS GERAIS,313540
BONITO,MATO GROSSO DO SUL,500220
GENERAL SALGADO,SAO PAULO,351690
PIRANGA,MINAS GERAIS,315080
MIRASSOLANDIA,SAO PAULO,353040
DIVINO DE SAO LOURENCO,ESPIRITO SANTO,320180
CAPITOLIO,MINAS GERAIS,311280
AURIFLAMA,SAO PAULO,350420
FLOREAL,SAO PAULO,351590
NHANDEARA,SAO PAULO,353260
DESTERRO DE ENTRE RIOS,MINAS GERAIS,312140
PASSA TEMPO,MINAS GERAIS,314770
PEDRA DO ANTA,MINAS GERAIS,314880
PATROCINIO PAULISTA,SAO PAULO,353630
GUZOLANDIA,SAO PAULO,351890
CAPETINGA,MINAS GERAIS,311240
SUD MENUCCI,SAO PAULO,355230
ONDA VERDE,SAO PAULO,353400
ALEGRE,ESPIRITO SANTO,320020
CONSELHEIRO LAFAIETE,MINAS GERAIS,311830
BRASILANDIA,MATO GROSSO DO SUL,500230
IPIGUA,SAO PAULO,352115
OLIMPIA,SAO PAULO,353390
ANCHIETA,ESPIRITO SANTO,320040
RESTINGA,SAO PAULO,354270
ARAPONGA,MINAS GERAIS,310370
SEBASTIANOPOLIS DO SUL,SAO PAULO,355130
TEIXEIRAS,MINAS GERAIS,316850
CAMACHO,MINAS GERAIS,311040
PORTO FIRME,MINAS GERAIS,315230
JABORANDI,SAO PAULO,352420
SAO BRAS DO SUACUI,MINAS GERAIS,316090
ITIRAPUA,SAO PAULO,352370
SAO FRANCISCO DE PAULA,MINAS GERAIS,316120
FERVEDOURO,MINAS GERAIS,312595
NUPORANGA,SAO PAULO,353360
CANAA,MINAS GERAIS,311170
SIDROLANDIA,MATO GROSSO DO SUL,500790
ITAVERAVA,MINAS GERAIS,313390
ORLANDIA,SAO PAULO,353430
GUAPE,MINAS GERAIS,312810
MONTE APRAZIVEL,SAO PAULO,353140
CATAS ALTAS DA NORUEGA,MINAS GERAIS,311540
ENTRE RIOS DE MINAS,MINAS GERAIS,312390
GUAPIACU,SAO PAULO,351750
CARANGOLA,MINAS GERAIS,311330
OLIVEIRA,MINAS GERAIS,314560
CACHOEIRO DE ITAPEMIRIM,ESPIRITO SANTO,320120
BALSAMO,SAO PAULO,350480
CASTILHO,SAO PAULO,351100
ITAU DE MINAS,MINAS GERAIS,313375
COLINA,SAO PAULO,351200
SAO JOSE DO RIO PRETO,SAO PAULO,354980
GUACUI,ESPIRITO SANTO,320230
ANDRADINA,SAO PAULO,350210
CANDEIAS,MINAS GERAIS,311200
SAO JOSE DA BARRA,MINAS GERAIS,316294
VICOSA,MINAS GERAIS,317130
SAO MIGUEL DO ANTA,MINAS GERAIS,316380
QUELUZITA,MINAS GERAIS,315380
CAIANA,MINAS GERAIS,311010
ALPINOPOLIS,MINAS GERAIS,310190
POLONI,SAO PAULO,353990
ICONHA,ESPIRITO SANTO,320260
SANTO ANTONIO DO ARACANGUA,SAO PAULO,354805
RIO NOVO DO SUL,ESPIRITO SANTO,320440
PRATAPOLIS,MINAS GERAIS,315290
MIRASSOL,SAO PAULO,353030
SAO TOMAS DE AQUINO,MINAS GERAIS,316510
CRISTAIS,MINAS GERAIS,312020
SANTA RITA DO PARDO,MATO GROSSO DO SUL,500755
BATATAIS,SAO PAULO,350590
TERRA ROXA,SAO PAULO,355440
SAO FRANCISCO DO GLORIA,MINAS GERAIS,316140
PRESIDENTE BERNARDES,MINAS GERAIS,315310
NOVA CASTILHO,SAO PAULO,353286
RESENDE COSTA,MINAS GERAIS,315420
LAMIM,MINAS GERAIS,313790
SANTANA DOS MONTES,MINAS GERAIS,315910
JERONIMO MONTEIRO,ESPIRITO SANTO,320310
MACAUBAL,SAO PAULO,352810
SEVERINIA,SAO PAULO,355190
FARIA LEMOS,MINAS GERAIS,312530
SAO SEBASTIAO DO PARAISO,MINAS GERAIS,316470
GASTAO VIDIGAL,SAO PAULO,351680
SENHORA DE OLIVEIRA,MINAS GERAIS,316600
SALES OLIVEIRA,SAO PAULO,354490
CAJURI,MINAS GERAIS,311020
NIOAQUE,MATO GROSSO DO SUL,500580
MIRADOURO,MINAS GERAIS,314210
CASA GRANDE,MINAS GERAIS,311490
ERVALIA,MINAS GERAIS,312400
PAULA CANDIDO,MINAS GERAIS,314830
NEVES PAULISTA,SAO PAULO,353250
PORCIUNCULA,RIO DE JANEIRO,330410
LAGOA DOURADA,MINAS GERAIS,313740
CRISTIANO OTONI,MINAS GERAIS,312040
RIO ESPERA,MINAS GERAIS,315520
UCHOA,SAO PAULO,355560
PEDRA DOURADA,MINAS GERAIS,314900
BEBEDOURO,SAO PAULO,350610
SAO TIAGO,MINAS GERAIS,316500
PIUMA,ESPIRITO SANTO,320420
SANTO ANTONIO DO AMPARO,MINAS GERAIS,315990
BRAS PIRES,MINAS GERAIS,310870
CARMO DO RIO CLARO,MINAS GERAIS,311440
VARRE-SAI,RIO DE JANEIRO,330615
COIMBRA,MINAS GERAIS,311670
FORTALEZA DE MINAS,MINAS GERAIS,312630
VIRADOURO,SAO PAULO,355680
TOMBOS,MINAS GERAIS,316920
ALTINOPOLIS,SAO PAULO,350100
SANTANA DO JACARE,MINAS GERAIS,315880
MONCOES,SAO PAULO,353100
TABAPUA,SAO PAULO,355260
MONTE AZUL PAULISTA,SAO PAULO,353150
CAJOBI,SAO PAULO,350930
CEDRAL,SAO PAULO,351130
CAMPO BELO,MINAS GERAIS,311120
SENADOR FIRMINO,MINAS GERAIS,316570
VIEIRAS,MINAS GERAIS,317140
ARACATUBA,SAO PAULO,350280
MIRANDOPOLIS,SAO PAULO,353010
NIPOA,SAO PAULO,353270
NOVA LUZITANIA,SAO PAULO,353330
ILICINEA,MINAS GERAIS,313050
CARANAIBA,MINAS GERAIS,311310
MUQUI,ESPIRITO SANTO,320380
UNIAO PAULISTA,SAO PAULO,355570
SAO JOSE DO CALCADO,ESPIRITO SANTO,320480
SAO GERALDO,MINAS GERAIS,316150
BOM SUCESSO,MINAS GERAIS,310800
GUARACAI,SAO PAULO,351780
CIPOTANEA,MINAS GERAIS,311630
EUGENOPOLIS,MINAS GERAIS,312490
CAPELA NOVA,MINAS GERAIS,311220
MURUTINGA DO SUL,SAO PAULO,353210
JACI,SAO PAULO,352450
BOA ESPERANCA,MINAS GERAIS,310710
RITAPOLIS,MINAS GERAIS,315610
ITAPEMIRIM,ESPIRITO SANTO,320280
BOM JESUS DO ITABAPOANA,RIO DE JANEIRO,330060
MURIAE,MINAS GERAIS,314390
ATILIO VIVACQUA,ESPIRITO SANTO,320070
CARANDAI,MINAS GERAIS,311320
TURIUBA,SAO PAULO,355520
PITANGUEIRAS,SAO PAULO,353950
PONTAL,SAO PAULO,354020
BADY BASSITT,SAO PAULO,350460
JARDINOPOLIS,SAO PAULO,352510
MIMOSO DO SUL,ESPIRITO SANTO,320340
AGUANIL,MINAS GERAIS,310080
LOURDES,SAO PAULO,352725
JACUI,MINAS GERAIS,313480
EMBAUBA,SAO PAULO,351495
GUIRICEMA,MINAS GERAIS,312900
PLANALTO,SAO PAULO,353960
LAVINIA,SAO PAULO,352650
NOVAIS,SAO PAULO,353325
VISCONDE DO RIO BRANCO,MINAS GERAIS,317200
CANA VERDE,MINAS GERAIS,311190
ROSARIO DA LIMEIRA,MINAS GERAIS,315645
DORES DO TURVO,MINAS GERAIS,312330
DIVINESIA,MINAS GERAIS,312190
NATIVIDADE,RIO DE JANEIRO,330310
ALTO RIO DOCE,MINAS GERAIS,310210
JOSE BONIFACIO,SAO PAULO,352570
PARAISO,SAO PAULO,353570
BOM JESUS DA PENHA,MINAS GERAIS,310760
VALPARAISO,SAO PAULO,355630
BRODOSQUI,SAO PAULO,350780
PERDOES,MINAS GERAIS,314990
NOVA ALIANCA,SAO PAULO,353280
SENHORA DOS REMEDIOS,MINAS GERAIS,316620
CORONEL XAVIER CHAVES,MINAS GERAIS,311970
SAO SEBASTIAO DA VARGEM ALEGRE,MINAS GERAIS,316443
SANTO ANTONIO DA ALEGRIA,SAO PAULO,354790
UBA,MINAS GERAIS,316990
APIACA,ESPIRITO SANTO,320050
IBIRA,SAO PAULO,351940
POTIRENDABA,SAO PAULO,354080
NOVA RESENDE,MINAS GERAIS,314510
ANTONIO PRADO DE MINAS,MINAS GERAIS,310310
BURITAMA,SAO PAULO,350810
GUARARAPES,SAO PAULO,351820
PRADOS,MINAS GERAIS,315270
SERTAOZINHO,SAO PAULO,355170
NOVA ALVORADA DO SUL,MATO GROSSO DO SUL,500600
MARATAIZES,ESPIRITO SANTO,320332
ZACARIAS,SAO PAULO,355715
ITAMOGI,MINAS GERAIS,313290
CONCEICAO DA APARECIDA,MINAS GERAIS,311710
CATANDUVA,SAO PAULO,351110
PIRANGI,SAO PAULO,353900
CATIGUA,SAO PAULO,351120
MARACAJU,MATO GROSSO DO SUL,500540
SAO PEDRO DA UNIAO,MINAS GERAIS,316390
BOM JESUS DO NORTE,ESPIRITO SANTO,320110
PRESIDENTE KENNEDY,ESPIRITO SANTO,320430
RESSAQUINHA,MINAS GERAIS,315440
ITAPERUNA,RIO DE JANEIRO,330220
TAQUARAL,SAO PAULO,355365
PALMARES PAULISTA,SAO PAULO,353510
SAO JOAO DEL REI,MINAS GERAIS,316250
DORES DE CAMPOS,MINAS GERAIS,312300
CONCEICAO DA BARRA DE MINAS,MINAS GERAIS,311520
CAMPO DO MEIO,MINAS GERAIS,311130
MIRAI,MINAS GERAIS,314220
NEPOMUCENO,MINAS GERAIS,314460
PAULICEIA,SAO PAULO,353640
NOVA INDEPENDENCIA,SAO PAULO,353320
TIRADENTES,MINAS GERAIS,316880
MONTE SANTO DE MINAS,MINAS GERAIS,314320
MERCES,MINAS GERAIS,314160
BIRIGUI,SAO PAULO,350650
RIBEIRAO PRETO,SAO PAULO,354340
JABOTICABAL,SAO PAULO,352430
DESTERRO DO MELO,MINAS GERAIS,312150
COQUEIRAL,MINAS GERAIS,311870
SILVEIRANIA,MINAS GERAIS,316730
TAIUVA,SAO PAULO,355320
TAIACU,SAO PAULO,355310
NAZARENO,MINAS GERAIS,314450
ELISIARIO,SAO PAULO,351492
ALFREDO VASCONCELOS,MINAS GERAIS,310163
GUIDOVAL,MINAS GERAIS,312880
CAJURU,SAO PAULO,350940
PINDORAMA,SAO PAULO,353810
IBITURUNA,MINAS GERAIS,313000
TOCANTINS,MINAS GERAIS,316900
ARIRANHA,SAO PAULO,350370
IJACI,MINAS GERAIS,313040
BREJO ALEGRE,SAO PAULO,350775
SANTA CRUZ DE MINAS,MINAS GERAIS,315733
BARBACENA,MINAS GERAIS,310560
PATROCINIO DO MURIAE,MINAS GERAIS,314820
RIO POMBA,MINAS GERAIS,315580
RIBEIRAO VERMELHO,MINAS GERAIS,315470
BARROSO,MINAS GERAIS,310590
URUPES,SAO PAULO,355600
UBARANA,SAO PAULO,355535
LAVRAS,MINAS GERAIS,313820
CAMPOS GERAIS,MINAS GERAIS,311160
MENDONCA,SAO PAULO,352950
GLICERIO,SAO PAULO,351710
VISTA ALEGRE DO ALTO,SAO PAULO,355690
ALFENAS,MINAS GERAIS,310160
MONTE CASTELO,SAO PAULO,353160
ALTEROSA,MINAS GERAIS,310200
SERRANA,SAO PAULO,355150
SAO JOAO DO PAU D'ALHO,SAO PAULO,354930
GUARANESIA,MINAS GERAIS,312830
JURUAIA,MINAS GERAIS,313690
RODEIRO,MINAS GERAIS,315630
LAJE DO MURIAE,RIO DE JANEIRO,330230
BARRINHA,SAO PAULO,350560
MONTE ALTO,SAO PAULO,353130
SANTA BARBARA DO TUGURIO,MINAS GERAIS,315730
ITUMIRIM,MINAS GERAIS,313430
IRAPUA,SAO PAULO,352150
GUAXUPE,MINAS GERAIS,312870
MONTE BELO,MINAS GERAIS,314300
DUMONT,SAO PAULO,351460
BENTO DE ABREU,SAO PAULO,350620
MARAPOAMA,SAO PAULO,352885
CASSIA DOS COQUEIROS,SAO PAULO,351090
BARAO DE MONTE ALTO,MINAS GERAIS,310550
CAMPOS DOS GOYTACAZES,RIO DE JANEIRO,330100
PENAPOLIS,SAO PAULO,353730
CRAVINHOS,SAO PAULO,351310
ADOLFO,SAO PAULO,350020
RUBIACEA,SAO PAULO,354440
SERRA AZUL,SAO PAULO,355140
SANTANA DA VARGEM,MINAS GERAIS,315830
PIRAUBA,MINAS GERAIS,315130
SANTANA DE CATAGUASES,MINAS GERAIS,315840
SANTA CRUZ DA ESPERANCA,SAO PAULO,354625
CATAGUASES,MINAS GERAIS,311530
ITUTINGA,MINAS GERAIS,313450
COROADOS,SAO PAULO,351250
SANTA ADELIA,SAO PAULO,354560
FERNANDO PRESTES,SAO PAULO,351560
SAO FRANCISCO DE ITABAPOANA,RIO DE JANEIRO,330475
JUNQUEIROPOLIS,SAO PAULO,352600
SANTA MERCEDES,SAO PAULO,354710
BARBOSA,SAO PAULO,350510
SALES,SAO PAULO,354480
MUZAMBINHO,MINAS GERAIS,314410
ASTOLFO DUTRA,MINAS GERAIS,310460
ITAJOBI,SAO PAULO,352190
PAIVA,MINAS GERAIS,314660
LARANJAL,MINAS GERAIS,313800
AREADO,MINAS GERAIS,310430
DONA EUZEBIA,MINAS GERAIS,312290
PRADOPOLIS,SAO PAULO,354090
MOCOCA,SAO PAULO,353050
ANTONIO CARLOS,MINAS GERAIS,310290
PROMISSAO,SAO PAULO,354160
ARCEBURGO,MINAS GERAIS,310410
TABULEIRO,MINAS GERAIS,316790
OLIVEIRA FORTES,MINAS GERAIS,314570
GUIA LOPES DA LAGUNA,MATO GROSSO DO SUL,500410
ARACITABA,MINAS GERAIS,310330
NOVO HORIZONTE,SAO PAULO,353350
NOVA GUATAPORANGA,SAO PAULO,353310
CANDIDO RODRIGUES,SAO PAULO,351010
SAO JOSE DE UBA,RIO DE JANEIRO,330513
GUARANI,MINAS GERAIS,312840
JARDIM,MATO GROSSO DO SUL,500500
IRAPURU,SAO PAULO,352160
TRES PONTAS,MINAS GERAIS,316940
PALMA,MINAS GERAIS,314670
GUATAPARA,SAO PAULO,351885
MIRACEMA,RIO DE JANEIRO,330300
BILAC,SAO PAULO,350640
CARRANCAS,MINAS GERAIS,311460
TUPI PAULISTA,SAO PAULO,355510
GUARIBA,SAO PAULO,351860
ITALVA,RIO DE JANEIRO,330205
TAQUARITINGA,SAO PAULO,355370
PACAEMBU,SAO PAULO,353490
AVANHANDAVA,SAO PAULO,350440
CAMBUCI,RIO DE JANEIRO,330090
INGAI,MINAS GERAIS,313080
PANORAMA,SAO PAULO,353540
RIO BRILHANTE,MATO GROSSO DO SUL,500720
SAO SIMAO,SAO PAULO,355090
CARMO DA CACHOEIRA,MINAS GERAIS,311390
ITAMARATI DE MINAS,MINAS GERAIS,313260
SABINO,SAO PAULO,354460
IBERTIOGA,MINAS GERAIS,312940
FLORIDA PAULISTA,SAO PAULO,351600
SANTOS DUMONT,MINAS GERAIS,316070
TAPIRATIBA,SAO PAULO,355360
DESCOBERTO,MINAS GERAIS,312130
GUAICARA,SAO PAULO,351720
ITAPOLIS,SAO PAULO,352270
MADRE DE DEUS DE MINAS,MINAS GERAIS,313910
CABO VERDE,MINAS GERAIS,310950
LUIS ANTONIO,SAO PAULO,352760
LEOPOLDINA,MINAS GERAIS,313840
SANTA ERNESTINA,SAO PAULO,354650
PIEDADE DO RIO GRANDE,MINAS GERAIS,315030
OURO VERDE,SAO PAULO,353480
RIO NOVO,MINAS GERAIS,315540
FAMA,MINAS GERAIS,312520
SANTA ROSA DE VITERBO,SAO PAULO,354760
CARDOSO MOREIRA,RIO DE JANEIRO,330115
ADAMANTINA,SAO PAULO,350010
LUMINARIAS,MINAS GERAIS,313870
SANTO ANTONIO DE PADUA,RIO DE JANEIRO,330470
MOTUCA,SAO PAULO,353205
PARAGUACU,MINAS GERAIS,314720
CACONDE,SAO PAULO,350870
DRACENA,SAO PAULO,351440
LUCELIA,SAO PAULO,352740
PIAU,MINAS GERAIS,315010
RECREIO,MINAS GERAIS,315410
DIVISA NOVA,MINAS GERAIS,312240
GABRIEL MONTEIRO,SAO PAULO,351650
TAMBAU,SAO PAULO,355330
ELOI MENDES,MINAS GERAIS,312360
BORBOREMA,SAO PAULO,350740
BRAUNA,SAO PAULO,350770
VARGINHA,MINAS GERAIS,317070
SAO FIDELIS,RIO DE JANEIRO,330480
DOBRADA,SAO PAULO,351400
RINCAO,SAO PAULO,354370
SAO JOAO NEPOMUCENO,MINAS GERAIS,316290
SAO JOSE DO RIO PARDO,SAO PAULO,354970
SALMOURAO,SAO PAULO,354510
LINS,SAO PAULO,352710
CLEMENTINA,SAO PAULO,351190
SERRANIA,MINAS GERAIS,316690
PIACATU,SAO PAULO,353770
GOIANA,MINAS GERAIS,312738
SANTA RITA DE IBITIPOCA,MINAS GERAIS,315940
PRESIDENTE EPITACIO,SAO PAULO,354130
SAO BENTO ABADE,MINAS GERAIS,316080
EWBANK DA CAMARA,MINAS GERAIS,312500
MATAO,SAO PAULO,352930
SAO VICENTE DE MINAS,MINAS GERAIS,316530
BIAS FORTES,MINAS GERAIS,310680
JUIZ DE FORA,MINAS GERAIS,313670
CAFELANDIA,SAO PAULO,350880
ALTO ALEGRE,SAO PAULO,350110
TRES CORACOES,MINAS GERAIS,316930
MACHADO,MINAS GERAIS,313900
BELA VISTA,MATO GROSSO DO SUL,500210
ARARAQUARA,SAO PAULO,350320
CORONEL PACHECO,MINAS GERAIS,311960
CAIUA,SAO PAULO,350910
ANDRELANDIA,MINAS GERAIS,310280
OSVALDO CRUZ,SAO PAULO,353460
BOTELHOS,MINAS GERAIS,310840
SANTANA DO GARAMBEU,MINAS GERAIS,315870
ARGIRITA,MINAS GERAIS,310440
SANTA RITA DO PASSA QUATRO,SAO PAULO,354750
NOVA ANDRADINA,MATO GROSSO DO SUL,500620
CAMPESTRE,MINAS GERAIS,311100
CARACOL,MATO GROSSO DO SUL,500280
RINOPOLIS,SAO PAULO,354380
CASA BRANCA,SAO PAULO,351080
DIVINOLANDIA,SAO PAULO,351390
PIRAPETINGA,MINAS GERAIS,315110
MINDURI,MINAS GERAIS,314190
PRESIDENTE VENCESLAU,SAO PAULO,354150
ROCHEDO DE MINAS,MINAS GERAIS,315620
CRUZILIA,MINAS GERAIS,312080
SAO CARLOS,SAO PAULO,354890
ITAOCARA,RIO DE JANEIRO,330210
APERIBE,RIO DE JANEIRO,330015
SANTOPOLIS DO AGUAPEI,SAO PAULO,354840
CHACARA,MINAS GERAIS,311590
SAO JOAO DA BARRA,RIO DE JANEIRO,330500
BATAGUASSU,MATO GROSSO DO SUL,500190
PONGAI,SAO PAULO,354010
TABATINGA,SAO PAULO,355270
LUIZIANIA,SAO PAULO,352770
SANTA LUCIA,SAO PAULO,354690
SAO THOME DAS LETRAS,MINAS GERAIS,316520
FLORA RICA,SAO PAULO,351580
INUBIA PAULISTA,SAO PAULO,352080
PIQUEROBI,SAO PAULO,353830
ESTRELA DALVA,MINAS GERAIS,312460
PONTA PORA,MATO GROSSO DO SUL,500660
LIMA DUARTE,MINAS GERAIS,313860
POCOS DE CALDAS,MINAS GERAIS,315180
REGINOPOLIS,SAO PAULO,354250
MONSENHOR PAULO,MINAS GERAIS,314260
MARIPA DE MINAS,MINAS GERAIS,314020
SANTO ANTONIO DO AVENTUREIRO,MINAS GERAIS,316000
IBITINGA,SAO PAULO,351960
IACRI,SAO PAULO,351920
SAO SEBASTIAO DA GRAMA,SAO PAULO,355080
URU,SAO PAULO,355590
BICAS,MINAS GERAIS,310690
PEDRO TEIXEIRA,MINAS GERAIS,314940
ALEM PARAIBA,MINAS GERAIS,310150
CAMPANHA,MINAS GERAIS,311090
PIRAJUI,SAO PAULO,353890
RIBEIRAO DOS INDIOS,SAO PAULO,354323
AMERICO BRASILIENSE,SAO PAULO,350170
CORDISLANDIA,MINAS GERAIS,311900
GETULINA,SAO PAULO,351700
VOLTA GRANDE,MINAS GERAIS,317210
ARCO-IRIS,SAO PAULO,350335
PARAPUA,SAO PAULO,353600
SENADOR CORTES,MINAS GERAIS,316560
GAVIAO PEIXOTO,SAO PAULO,351685
MARIAPOLIS,SAO PAULO,352890
BANDEIRA DO SUL,MINAS GERAIS,310530
POCO FUNDO,MINAS GERAIS,315170
ITOBI,SAO PAULO,352380
CANTAGALO,RIO DE JANEIRO,330110
GUARARA,MINAS GERAIS,312850
EMILIANOPOLIS,SAO PAULO,351512
DESCALVADO,SAO PAULO,351370
NOVA EUROPA,SAO PAULO,353290
QUEIROZ,SAO PAULO,354180
PRESIDENTE PRUDENTE,SAO PAULO,354140
CARVALHOPOLIS,MINAS GERAIS,311470
SAO SEBASTIAO DO ALTO,RIO DE JANEIRO,330530
MAR DE ESPANHA,MINAS GERAIS,313980
SANTO EXPEDITO,SAO PAULO,354830
SANTA CRUZ DAS PALMEIRAS,SAO PAULO,354630
AIURUOCA,MINAS GERAIS,310120
IACANGA,SAO PAULO,351910
SERRANOS,MINAS GERAIS,316700
PEQUERI,MINAS GERAIS,314950
VARGEM GRANDE DO SUL,SAO PAULO,355640
PORTO FERREIRA,SAO PAULO,354070
CALDAS,MINAS GERAIS,311030
GUAIMBE,SAO PAULO,351730
CAMBUQUIRA,MINAS GERAIS,311070
CONCEICAO DO RIO VERDE,MINAS GERAIS,311770
GUARANTA,SAO PAULO,351810
CARMO,RIO DE JANEIRO,330120
PRACINHA,SAO PAULO,354085
TURVOLANDIA,MINAS GERAIS,316980
SAO GONCALO DO SAPUCAI,MINAS GERAIS,316200
BOM JARDIM DE MINAS,MINAS GERAIS,310750
SAGRES,SAO PAULO,354470
SANTA MARIA MADALENA,RIO DE JANEIRO,330460
TUPA,SAO PAULO,355500
HERCULANDIA,SAO PAULO,351900
ITAPORA,MATO GROSSO DO SUL,500450
MATIAS BARBOSA,MINAS GERAIS,314080
AGUAS DA PRATA,SAO PAULO,350040
POMPEIA,SAO PAULO,354000
IBATE,SAO PAULO,351930
CAIABU,SAO PAULO,350890
ARANTINA,MINAS GERAIS,310360
SANTO ANASTACIO,SAO PAULO,354770
BAEPENDI,MINAS GERAIS,310490
ANAURILANDIA,MATO GROSSO DO SUL,500080
SANTA BARBARA DO MONTE VERDE,MINAS GERAIS,315727
BOA ESPERANCA DO SUL,SAO PAULO,350670
SAO JOAO DA BOA VISTA,SAO PAULO,354910
BALBINOS,SAO PAULO,350470
PIRASSUNUNGA,SAO PAULO,353930
SANTANA DO DESERTO,MINAS GERAIS,315860
OLARIA,MINAS GERAIS,314540
PRESIDENTE BERNARDES,SAO PAULO,354120
CHIADOR,MINAS GERAIS,311620
MARTINOPOLIS,SAO PAULO,352920
BELMIRO BRAGA,MINAS GERAIS,310610
IPUIUNA,MINAS GERAIS,313150
LIBERDADE,MINAS GERAIS,313850
SERITINGA,MINAS GERAIS,316640
ESPIRITO SANTO DO DOURADO,MINAS GERAIS,312440
ALFREDO MARCONDES,SAO PAULO,350080
SAO JOAO DA MATA,MINAS GERAIS,316230
SAPUCAIA,RIO DE JANEIRO,330540
SANTA RITA DE CALDAS,MINAS GERAIS,315920
MARILIA,SAO PAULO,352900
BASTOS,SAO PAULO,350580
DOURADOS,MATO GROSSO DO SUL,500370
ANGELICA,MATO GROSSO DO SUL,500085
ITAJU,SAO PAULO,352200
JULIO MESQUITA,SAO PAULO,352580
RIBEIRAO BONITO,SAO PAULO,354290
SIMAO PEREIRA,MINAS GERAIS,316750
DOURADINA,MATO GROSSO DO SUL,500350
CAXAMBU,MINAS GERAIS,311550
MACUCO,RIO DE JANEIRO,330245
LAMBARI,MINAS GERAIS,313780
JESUANIA,MINAS GERAIS,313590
DUAS BARRAS,RIO DE JANEIRO,330160
CARVALHOS,MINAS GERAIS,311480
DEODAPOLIS,MATO GROSSO DO SUL,500345
ANDRADAS,MINAS GERAIS,310260
BARIRI,SAO PAULO,350520
AREALVA,SAO PAULO,350340
MARABA PAULISTA,SAO PAULO,352870
SOLEDADE DE MINAS,MINAS GERAIS,316780
RANCHARIA,SAO PAULO,354220
ALVARES MACHADO,SAO PAULO,350130
RIO PRETO,MINAS GERAIS,315590
SILVIANOPOLIS,MINAS GERAIS,316740
QUINTANA,SAO PAULO,354200
AGUAI,SAO PAULO,350030
SUMIDOURO,RIO DE JANEIRO,330570
QUISSAMA,RIO DE JANEIRO,330415
BATAIPORA,MATO GROSSO DO SUL,500200
CARMO DE MINAS,MINAS GERAIS,311410
CAREACU,MINAS GERAIS,311360
BOCAINA,SAO PAULO,350680
TRABIJU,SAO PAULO,355475
HELIODORA,MINAS GERAIS,312920
SANTA RITA DE JACUTINGA,MINAS GERAIS,315930
CORDEIRO,RIO DE JANEIRO,330150
PRESIDENTE ALVES,SAO PAULO,354110
PARAIBA DO SUL,RIO DE JANEIRO,330370
COMENDADOR LEVY GASPARIAN,RIO DE JANEIRO,330095
TRAJANO DE MORAIS,RIO DE JANEIRO,330590
IBITIURA DE MINAS,MINAS GERAIS,312990
ANALANDIA,SAO PAULO,350200
JOAO RAMALHO,SAO PAULO,352560
QUATA,SAO PAULO,354170
ALVARO DE CARVALHO,SAO PAULO,350140
ORIENTE,SAO PAULO,353410
TRES RIOS,RIO DE JANEIRO,330600
CONGONHAL,MINAS GERAIS,311790
OLIMPIO NORONHA,MINAS GERAIS,314550
AVAI,SAO PAULO,350430
DOURADO,SAO PAULO,351430
REGENTE FEIJO,SAO PAULO,354240
INDIANA,SAO PAULO,352060
CONCEICAO DE MACABU,RIO DE JANEIRO,330140
RIO DAS FLORES,RIO DE JANEIRO,330450
ANTONIO JOAO,MATO GROSSO DO SUL,500090
BAURU,SAO PAULO,350600
VALENCA,RIO DE JANEIRO,330610
ESPIRITO SANTO DO PINHAL,SAO PAULO,351518
SANTA CRUZ DA CONCEICAO,SAO PAULO,354620
MOGII-GUACU,SAO PAULO,353070
PASSA VINTE,MINAS GERAIS,314780
NATERCIA,MINAS GERAIS,314440
BROTAS,SAO PAULO,350790
SAO LOURENCO,MINAS GERAIS,316370
POUSO ALTO,MINAS GERAIS,315260
GARCA,SAO PAULO,351670
SANTO ANTONIO DO JARDIM,SAO PAULO,354810
LEME,SAO PAULO,352670
SAO JOSE DO VALE DO RIO PRETO,RIO DE JANEIRO,330515
PEDERNEIRAS,SAO PAULO,353670
CONCEICAO DAS PEDRAS,MINAS GERAIS,311720
SENADOR JOSE BENTO,MINAS GERAIS,316580
SAO SEBASTIAO DA BELA VISTA,MINAS GERAIS,316440
VERA CRUZ,SAO PAULO,355660
BOCAINA DE MINAS,MINAS GERAIS,310720
BORACEIA,SAO PAULO,350730
BOM JARDIM,RIO DE JANEIRO,330050
CARAPEBUS,RIO DE JANEIRO,330093
POUSO ALEGRE,MINAS GERAIS,315250
CRISTINA,MINAS GERAIS,312050
JAU,SAO PAULO,352530
TERESOPOLIS,RIO DE JANEIRO,330580
MACAE,RIO DE JANEIRO,330240
ITIRAPINA,SAO PAULO,352360
ALAGOA,MINAS GERAIS,310130
OURO FINO,MINAS GERAIS,314600
BORDA DA MATA,MINAS GERAIS,310830
SAO SEBASTIAO DO RIO VERDE,MINAS GERAIS,316490
IVINHEMA,MATO GROSSO DO SUL,500470
CORUMBATAI,SAO PAULO,351270
MIRANTE DO PARANAPANEMA,SAO PAULO,353020
BORA,SAO PAULO,350720
NOVA FRIBURGO,RIO DE JANEIRO,330340
SANTA RITA DO SAPUCAI,MINAS GERAIS,315960
AREAL,RIO DE JANEIRO,330022
LUTECIA,SAO PAULO,352790
PEDRALVA,MINAS GERAIS,314910
ALBERTINA,MINAS GERAIS,310140
DOM VICOSO,MINAS GERAIS,312280
ITAPUI,SAO PAULO,352290
GALIA,SAO PAULO,351660
DOIS CORREGOS,SAO PAULO,351410
TEODORO SAMPAIO,SAO PAULO,355430
ESTIVA GERBI,SAO PAULO,355730
JACUTINGA,MINAS GERAIS,313490
ITAMONTE,MINAS GERAIS,313300
ARARAS,SAO PAULO,350330
PIRAPOZINHO,SAO PAULO,353920
ANHUMAS,SAO PAULO,350240
PETROPOLIS,RIO DE JANEIRO,330390
OSCAR BRESSANE,SAO PAULO,353450
VASSOURAS,RIO DE JANEIRO,330620
VIRGINIA,MINAS GERAIS,317170
FATIMA DO SUL,MATO GROSSO DO SUL,500380
QUATIS,RIO DE JANEIRO,330412
RIO CLARO,SAO PAULO,354390
RESENDE,RIO DE JANEIRO,330420
ECHAPORA,SAO PAULO,351470
ITANHANDU,MINAS GERAIS,313310
MARIA DA FE,MINAS GERAIS,313990
SAO JOSE DO ALEGRE,MINAS GERAIS,316320
INCONFIDENTES,MINAS GERAIS,313060
CACHOEIRA DE MINAS,MINAS GERAIS,310970
PIRANGUINHO,MINAS GERAIS,315100
PATY DO ALFERES,RIO DE JANEIRO,330385
TARABAI,SAO PAULO,355390
CONCHAL,SAO PAULO,351220
PARAGUACU PAULISTA,SAO PAULO,353550
ITAPIRA,SAO PAULO,352260
GLORIA DE DOURADOS,MATO GROSSO DO SUL,500400
DUARTINA,SAO PAULO,351450
BARRA MANSA,RIO DE JANEIRO,330040
BARRA DO PIRAI,RIO DE JANEIRO,330030
MOJI-MIRIM,SAO PAULO,353080
ROSANA,SAO PAULO,354425
PIRATININGA,SAO PAULO,353940
TOCOS DO MOJI,MINAS GERAIS,316905
FERNAO,SAO PAULO,351565
PASSA QUATRO,MINAS GERAIS,314760
ITATIAIA,RIO DE JANEIRO,330225
SANDOVALINA,SAO PAULO,354550
TACIBA,SAO PAULO,355290
OCAUCU,SAO PAULO,353370
IPEUNA,SAO PAULO,352110
BRASOPOLIS,MINAS GERAIS,310890
MONTE SIAO,MINAS GERAIS,314340
TAQUARUSSU,MATO GROSSO DO SUL,500797
AGUDOS,SAO PAULO,350070
ITAJUBA,MINAS GERAIS,313240
VICENTINA,MATO GROSSO DO SUL,500840
LUPERCIO,SAO PAULO,352780
NARANDIBA,SAO PAULO,353220
CASIMIRO DE ABREU,RIO DE JANEIRO,330130
MINEIROS DO TIETE,SAO PAULO,352980
CACHOEIRAS DE MACACU,RIO DE JANEIRO,330080
LAGUNA CARAPA,MATO GROSSO DO SUL,500525
BOM REPOUSO,MINAS GERAIS,310790
ESTIVA,MINAS GERAIS,312450
TORRINHA,SAO PAULO,355470
CAARAPO,MATO GROSSO DO SUL,500240
MACATUBA,SAO PAULO,352800
DELFIM MOREIRA,MINAS GERAIS,312110
BUENO BRANDAO,MINAS GERAIS,310910
CONCEICAO DOS OUROS,MINAS GERAIS,311780
ALVINLANDIA,SAO PAULO,350150
RIO DAS OSTRAS,RIO DE JANEIRO,330452
LUCIANOPOLIS,SAO PAULO,352750
EUCLIDES DA CUNHA PAULISTA,SAO PAULO,351535
CABRALIA PAULISTA,SAO PAULO,350830
ESTRELA DO NORTE,SAO PAULO,351530
PORTO REAL,RIO DE JANEIRO,330411
MARMELOPOLIS,MINAS GERAIS,314040
SILVA JARDIM,RIO DE JANEIRO,330560
QUELUZ,SAO PAULO,354190
VOLTA REDONDA,RIO DE JANEIRO,330630
BARRA BONITA,SAO PAULO,350530
SANTA GERTRUDES,SAO PAULO,354670
CORDEIROPOLIS,SAO PAULO,351240
MIGUEL PEREIRA,RIO DE JANEIRO,330290
SAO PEDRO,SAO PAULO,355040
LAVRINHAS,SAO PAULO,352660
ENGENHEIRO COELHO,SAO PAULO,351515
NOVO HORIZONTE DO SUL,MATO GROSSO DO SUL,500625
UBIRAJARA,SAO PAULO,355550
AGUAS DE LINDOIA,SAO PAULO,350050
JATEI,MATO GROSSO DO SUL,500510
ASSIS,SAO PAULO,350400
LIMEIRA,SAO PAULO,352690
CHARQUEADA,SAO PAULO,351170
GUAPIMIRIM,RIO DE JANEIRO,330185
ENGENHEIRO PAULO DE FRONTIN,RIO DE JANEIRO,330180
MENDES,RIO DE JANEIRO,330280
PIRANGUCU,MINAS GERAIS,315090
CONSOLACAO,MINAS GERAIS,311850
CRUZEIRO,SAO PAULO,351340
PARAISOPOLIS,MINAS GERAIS,314730
WENCESLAU BRAZ,MINAS GERAIS,317220
SOCORRO,SAO PAULO,355210
LINDOIA,SAO PAULO,352700
IEPE,SAO PAULO,351990
ARTUR NOGUEIRA,SAO PAULO,350380
DUQUE DE CAXIAS,RIO DE JANEIRO,330170
SANTA MARIA DA SERRA,SAO PAULO,354700
NANTES,SAO PAULO,353215
LENCOIS PAULISTA,SAO PAULO,352680
MAGE,RIO DE JANEIRO,330250
PINHEIRAL,RIO DE JANEIRO,330395
CAMPOS NOVOS PAULISTA,SAO PAULO,350980
PAULISTANIA,SAO PAULO,353657
CAMBUI,MINAS GERAIS,311060
PIQUETE,SAO PAULO,353850
IGARACU DO TIETE,SAO PAULO,352000
SENADOR AMARAL,MINAS GERAIS,316557
SAO PEDRO DO TURVO,SAO PAULO,355050
PIRAI,RIO DE JANEIRO,330400
SERRA NEGRA,SAO PAULO,355160
MARACAI,SAO PAULO,352880
SANTA CRUZ DO RIO PARDO,SAO PAULO,354640
JARDIM OLINDA,PARANA,411260
IRACEMAPOLIS,SAO PAULO,352140
PIRACICABA,SAO PAULO,353870
AREIAS,SAO PAULO,350350
PLATINA,SAO PAULO,353970
PARACAMBI,RIO DE JANEIRO,330360
NOVA IGUACU,RIO DE JANEIRO,330350
BOREBI,SAO PAULO,350745
AREIOPOLIS,SAO PAULO,350360
SAO MANUEL,SAO PAULO,355010
ITAGUAJE,PARANA,411090
AMPARO,SAO PAULO,350190
SANTO ANTONIO DE POSSE,SAO PAULO,354800
CORREGO DO BOM JESUS,MINAS GERAIS,311990
ARARUAMA,RIO DE JANEIRO,330020
CACHOEIRA PAULISTA,SAO PAULO,350860
DIAMANTE DO NORTE,PARANA,410710
TERRA RICA,PARANA,412730
PARANAPOEMA,PARANA,411830
HOLAMBRA,SAO PAULO,351905
COSMOPOLIS,SAO PAULO,351280
ARAPEI,SAO PAULO,350315
SAO BENTO DO SAPUCAI,SAO PAULO,354860
MUNHOZ,MINAS GERAIS,314380
ESPIRITO SANTO DO TURVO,SAO PAULO,351519
JUTI,MATO GROSSO DO SUL,500515
BANANAL,SAO PAULO,350490
CAMPOS DO JORDAO,SAO PAULO,350970
AGUAS DE SAO PEDRO,SAO PAULO,350060
ANHEMBI,SAO PAULO,350230
BOTUCATU,SAO PAULO,350750
SILVEIRAS,SAO PAULO,355200
NOVA LONDRINA,PARANA,411710
SANTA INES,PARANA,412360
SAO JOSE DO BARREIRO,SAO PAULO,354960
GONCALVES,MINAS GERAIS,312740
ITAPEVA,MINAS GERAIS,313360
PARANAVAI,PARANA,411840
JAPERI,RIO DE JANEIRO,330227
JAGUARIUNA,SAO PAULO,352470
SANTO ANTONIO DO CAIUA,PARANA,412420
GUARATINGUETA,SAO PAULO,351840
SANTO INACIO,PARANA,412450
INAJA,PARANA,411030
RIO BONITO,RIO DE JANEIRO,330430
SAO PEDRO DO PARANA,PARANA,412590
MARILENA,PARANA,411500
LORENA,SAO PAULO,352720
MONTE ALEGRE DO SUL,SAO PAULO,353120
ITABORAI,RIO DE JANEIRO,330190
RIO CLARO,RIO DE JANEIRO,330440
SEROPEDICA,RIO DE JANEIRO,330555
TOLEDO,MINAS GERAIS,316910
SAO PEDRO DA ALDEIA,RIO DE JANEIRO,330520
PORECATU,PARANA,412000
CENTENARIO DO SUL,PARANA,410510
LUPIONOPOLIS,PARANA,411380
AMERICANA,SAO PAULO,350160
RIBEIRAO DO SUL,SAO PAULO,354320
ALVORADA DO SUL,PARANA,410080
IARAS,SAO PAULO,351925
CRUZALIA,SAO PAULO,351330
CAMANDUCAIA,MINAS GERAIS,311050
TARUMA,SAO PAULO,355395
CANDIDO MOTA,SAO PAULO,351000
CANAS,SAO PAULO,350995
COLORADO,PARANA,410590
PAULINIA,SAO PAULO,353650
QUEIMADOS,RIO DE JANEIRO,330414
IBIRAREMA,SAO PAULO,351950
ITAUNA DO SUL,PARANA,411130
PEDREIRA,SAO PAULO,353710
BELFORD ROXO,RIO DE JANEIRO,330045
TANGUA,RIO DE JANEIRO,330575
PALMITAL,SAO PAULO,353530
ARAL MOREIRA,MATO GROSSO DO SUL,500124
ITAGUAI,RIO DE JANEIRO,330200
SANTA BARBARA D'OESTE,SAO PAULO,354580
CAFEARA,PARANA,410340
PEDRA BELA,SAO PAULO,353680
PINDAMONHANGABA,SAO PAULO,353800
PARANACITY,PARANA,411810
SAPUCAI-MIRIM,MINAS GERAIS,316540
EXTREMA,MINAS GERAIS,312510
PINHALZINHO,SAO PAULO,353820
AGUAS DE SANTA BARBARA,SAO PAULO,350055
CAMPINAS,SAO PAULO,350950
SAO JOAO DO CAIUA,PARANA,412490
ARMACAO DE BUZIOS,RIO DE JANEIRO,330023
NOVA ODESSA,SAO PAULO,353340
PORTO RICO,PARANA,412020
SAO GONCALO,RIO DE JANEIRO,330490
PRIMEIRO DE MAIO,PARANA,412050
PEDRINHAS PAULISTA,SAO PAULO,353715
SAO JOAO DE MERITI,RIO DE JANEIRO,330510
NAVIRAI,MATO GROSSO DO SUL,500570
PRATANIA,SAO PAULO,354105
RIO DAS PEDRAS,SAO PAULO,354400
TUIUTI,SAO PAULO,355495
SANTO ANTONIO DO PINHAL,SAO PAULO,354820
RIO DE JANEIRO,RIO DE JANEIRO,330455
FLORINIA,SAO PAULO,351610
SALTO GRANDE,SAO PAULO,354540
GUAIRACA,PARANA,410890
SERTANEJA,PARANA,412640
SUMARE,SAO PAULO,355240
POTIM,SAO PAULO,354075
CUNHA,SAO PAULO,351360
IGUABA GRANDE,RIO DE JANEIRO,330187
NILOPOLIS,RIO DE JANEIRO,330320
FLORESTOPOLIS,PARANA,410800
SALTINHO,SAO PAULO,354515
SAQUAREMA,RIO DE JANEIRO,330550
VARGEM,SAO PAULO,355635
APARECIDA,SAO PAULO,350250
SAO JOSE DOS CAMPOS,SAO PAULO,354990
CONCHAS,SAO PAULO,351230
QUERENCIA DO NORTE,PARANA,412100
BRAGANCA PAULISTA,SAO PAULO,350760
AVARE,SAO PAULO,350450
HORTOLANDIA,SAO PAULO,351907
MONTEIRO LOBATO,SAO PAULO,353170
NOSSA SENHORA DAS GRACAS,PARANA,411640
MORUNGABA,SAO PAULO,353200
ROSEIRA,SAO PAULO,354430
ANGRA DOS REIS,RIO DE JANEIRO,330010
LOANDA,PARANA,411350
MARICA,RIO DE JANEIRO,330270
OURINHOS,SAO PAULO,353470
CAPIVARI,SAO PAULO,351040
NITEROI,RIO DE JANEIRO,330330
JOANOPOLIS,SAO PAULO,352550
MANGARATIBA,RIO DE JANEIRO,330260
LARANJAL PAULISTA,SAO PAULO,352640
MONTE MOR,SAO PAULO,353180
CABO FRIO,RIO DE JANEIRO,330070
ARRAIAL DO CABO,RIO DE JANEIRO,330025
AMAMBAI,MATO GROSSO DO SUL,500060
TREMEMBE,SAO PAULO,355480
TIETE,SAO PAULO,355450
LOBATO,PARANA,411360
CERQUEIRA CESAR,SAO PAULO,351140
OLEO,SAO PAULO,353380
GUARACI,PARANA,410920
MOMBUCA,SAO PAULO,353090
JAGUAPITA,PARANA,411190
CAMBARA,PARANA,410360
LEOPOLIS,PARANA,411340
CRUZEIRO DO SUL,PARANA,410670
BELA VISTA DO PARAISO,PARANA,410280
BERNARDINO DE CAMPOS,SAO PAULO,350630
VALINHOS,SAO PAULO,355620
SANTA MARIANA,PARANA,412390
ITAMBARACA,PARANA,411100
ALTO PARANA,PARANA,410060
SANTA CRUZ DE MONTE CASTELO,PARANA,412330
MIRASELVA,PARANA,411600
ITATIBA,SAO PAULO,352340
SERTANOPOLIS,PARANA,412650
ANDIRA,PARANA,410110
CHAVANTES,SAO PAULO,355720
PLANALTINA DO PARANA,PARANA,411970
ITATINGA,SAO PAULO,352350
SANTA FE,PARANA,412340
TAUBATE,SAO PAULO,355410
MANDURI,SAO PAULO,352860
JACAREZINHO,PARANA,411180
BOFETE,SAO PAULO,350690
PRADO FERREIRA,PARANA,412033
PIRACAIA,SAO PAULO,353860
CANITAR,SAO PAULO,351015
CACAPAVA,SAO PAULO,350850
SANTA ISABEL DO IVAI,PARANA,412370
IPAUCU,SAO PAULO,352090
JARINU,SAO PAULO,352520
RANCHO ALEGRE,PARANA,412130
ELIAS FAUSTO,SAO PAULO,351490
RAFARD,SAO PAULO,354210
IGARATA,SAO PAULO,352020
PARDINHO,SAO PAULO,353610
ATIBAIA,SAO PAULO,350410
LAGOINHA,SAO PAULO,352630
INDAIATUBA,SAO PAULO,352050
AMAPORA,PARANA,410090
VINHEDO,SAO PAULO,355670
CAMBE,PARANA,410370
CORNELIO PROCOPIO,PARANA,410640
PEREIRAS,SAO PAULO,353750
UNIFLOR,PARANA,412830
NOVA ESPERANCA,PARANA,411690
BANDEIRANTES,PARANA,410240
MUNHOZ DE MELO,PARANA,411630
IGUATEMI,MATO GROSSO DO SUL,500430
SANTA MONICA,PARANA,412395
LOUVEIRA,SAO PAULO,352730
FLORIDA,PARANA,410810
JUMIRIM,SAO PAULO,352585
ITUPEVA,SAO PAULO,352400
PIRAJU,SAO PAULO,353880
ATALAIA,PARANA,410220
BARRA DO JACARE,PARANA,410270
JUNDIAI,SAO PAULO,352590
PORANGABA,SAO PAULO,354050
ARANDU,SAO PAULO,350310
ASTORGA,PARANA,410210
SAO LUIS DO PARAITINGA,SAO PAULO,355000
RIBEIRAO CLARO,PARANA,412180
PORTO FELIZ,SAO PAULO,354060
ITAQUIRAI,MATO GROSSO DO SUL,500460
CORONEL SAPUCAIA,MATO GROSSO DO SUL,500315
NAZARE PAULISTA,SAO PAULO,353240
IBIPORA,PARANA,410980
NOVA ALIANCA DO IVAI,PARANA,411650
MIRADOR,PARANA,411590
URAI,PARANA,412840
SALTO,SAO PAULO,354520
BOM JESUS DOS PERDOES,SAO PAULO,350710
TIMBURI,SAO PAULO,355460
CERQUILHO,SAO PAULO,351150
SANTO ANTONIO DA PLATINA,PARANA,412410
TAMBOARA,PARANA,412670
PITANGUEIRAS,PARANA,411965
ANGULO,PARANA,410115
IGUARACU,PARANA,411000
JATAIZINHO,PARANA,411270
CESARIO LANGE,SAO PAULO,351160
CAMPO LIMPO PAULISTA,SAO PAULO,350960
ITU,SAO PAULO,352390
MANDAGUACU,PARANA,411410
REDENCAO DA SERRA,SAO PAULO,354230
ROLANDIA,PARANA,412240
LONDRINA,PARANA,411370
JACAREI,SAO PAULO,352440
PARAISO DO NORTE,PARANA,411800
PRESIDENTE CASTELO BRANCO,PARANA,412040
VARZEA PAULISTA,SAO PAULO,355650
SARUTAIA,SAO PAULO,355120
SANTA ISABEL,SAO PAULO,354680
IVATE,PARANA,411155
BOITUVA,SAO PAULO,350700
TORRE DE PEDRA,SAO PAULO,355465
TAPIRA,PARANA,412690
JAMBEIRO,SAO PAULO,352490
DOURADINA,PARANA,410725
UBATUBA,SAO PAULO,355540
PARATI,RIO DE JANEIRO,330380
CIDADE GAUCHA,PARANA,410560
SANTA AMELIA,PARANA,412310
ICARAIMA,PARANA,410990
TATUI,SAO PAULO,355400
CABREUVA,SAO PAULO,350840
QUADRA,SAO PAULO,354165
MAIRIPORA,SAO PAULO,352850
ABATIA,PARANA,410010
ITAI,SAO PAULO,352180
RIBEIRAO DO PINHAL,PARANA,412190
FLORAI,PARANA,410780
FRANCISCO MORATO,SAO PAULO,351630
NOVA AMERICA DA COLINA,PARANA,411660
MARINGA,PARANA,411520
GUAREI,SAO PAULO,351850
FRANCO DA ROCHA,SAO PAULO,351640
FARTURA,SAO PAULO,351540
GUAPOREMA,PARANA,410910
ANGATUBA,SAO PAULO,350220
SABAUDIA,PARANA,412270
TEJUPA,SAO PAULO,355420
SAO CARLOS DO IVAI,PARANA,412460
PARANAPANEMA,SAO PAULO,353580
GUARULHOS,SAO PAULO,351880
NATIVIDADE DA SERRA,SAO PAULO,353230
CAJAMAR,SAO PAULO,350920
ASSAI,PARANA,410190
PARAIBUNA,SAO PAULO,353560
JOAQUIM TAVORA,PARANA,411280
GUARAREMA,SAO PAULO,351830
RONDON,PARANA,412260
SAO JORGE DO IVAI,PARANA,412530
SAO MANUEL DO PARANA,PARANA,412555
MARIALVA,PARANA,411480
PIRAPORA DO BOM JESUS,SAO PAULO,353910
ARUJA,SAO PAULO,350390
NOVA FATIMA,PARANA,411700
CAIEIRAS,SAO PAULO,350900
SANTA BRANCA,SAO PAULO,354600
IPERO,SAO PAULO,352100
MANDAGUARI,PARANA,411420
ARAPONGAS,PARANA,410150
MOJI DAS CRUZES,SAO PAULO,353060
SAO SEBASTIAO DA AMOREIRA,PARANA,412600
NOVA OLIMPIA,PARANA,411720
OURIZONA,PARANA,411740
CARLOPOLIS,PARANA,410470
SOROCABA,SAO PAULO,355220
ARACARIGUAMA,SAO PAULO,350275
JUNDIAI DO SUL,PARANA,411290
SAO PAULO,SAO PAULO,355030
JAPURA,PARANA,411240
VILA ALTA,PARANA,412862
TACURU,MATO GROSSO DO SUL,500795
CAPELA DO ALTO,SAO PAULO,351030
SANTANA DE PARNAIBA,SAO PAULO,354730
SARANDI,PARANA,412625
GUAPIRAMA,PARANA,410900
TAGUAI,SAO PAULO,355300
INDIANOPOLIS,PARANA,411040
PAICANDU,PARANA,411750
TAQUARITUBA,SAO PAULO,355380
ITAPETININGA,SAO PAULO,352230
SAO ROQUE,SAO PAULO,355060
ITAQUAQUECETUBA,SAO PAULO,352310
MAIRINQUE,SAO PAULO,352840
APUCARANA,PARANA,410140
UMUARAMA,PARANA,412810
SAO TOME,PARANA,412610
MARIA HELENA,PARANA,411470
ARACOIABA DA SERRA,SAO PAULO,350290
SANTO ANTONIO DO PARAISO,PARANA,412430
BARAO DE ANTONINA,SAO PAULO,350500
PARANHOS,MATO GROSSO DO SUL,500635
OSASCO,SAO PAULO,353440
ALUMINIO,SAO PAULO,350115
BARUERI,SAO PAULO,350570
SALESOPOLIS,SAO PAULO,354500
TAPEJARA,PARANA,412680
CONGONHINHAS,PARANA,410600
CAMBIRA,PARANA,410380
CARAGUATATUBA,SAO PAULO,351050
SANTA CECILIA DO PAVAO,PARANA,412320
ALAMBARI,SAO PAULO,350075
SUZANO,SAO PAULO,355250
CONSELHEIRO MAIRINCK,PARANA,410610
CRUZEIRO DO OESTE,PARANA,410660
ITAPORANGA,SAO PAULO,352280
ITAPEVI,SAO PAULO,352250
QUATIGUA,PARANA,412070
POA,SAO PAULO,353980
CAMPINA DO MONTE ALEGRE,SAO PAULO,350945
FERRAZ DE VASCONCELOS,SAO PAULO,351570
CARAPICUIBA,SAO PAULO,351060
BIRITIBA-MIRIM,SAO PAULO,350660
DOUTOR CAMARGO,PARANA,410730
JANDIRA,SAO PAULO,352500
VOTORANTIM,SAO PAULO,355700
FLORESTA,PARANA,410790
SAO JERONIMO DA SERRA,PARANA,412470
CIANORTE,PARANA,410550
SALTO DO ITARARE,PARANA,412290
CORONEL MACEDO,SAO PAULO,351260
IVATUBA,PARANA,411160
SARAPUI,SAO PAULO,355110
JUSSARA,PARANA,411300
TOMAZINA,PARANA,412780
BURI,SAO PAULO,350800
SIQUEIRA CAMPOS,PARANA,412660
JANDAIA DO SUL,PARANA,411210
ELDORADO,MATO GROSSO DO SUL,500375
TERRA BOA,PARANA,412720
COTIA,SAO PAULO,351300
NOVA SANTA BARBARA,PARANA,411721
JAPIRA,PARANA,411230
SALTO DE PIRAPORA,SAO PAULO,354530
IBAITI,PARANA,410970
MARILANDIA DO SUL,PARANA,411490
ITAPEVA,SAO PAULO,352240
VARGEM GRANDE PAULISTA,SAO PAULO,355645
TABOAO DA SERRA,SAO PAULO,355280
IBIUNA,SAO PAULO,351970
SAO CAETANO DO SUL,SAO PAULO,354880
SANTO ANDRE,SAO PAULO,354780
EMBU,SAO PAULO,351500
ITAMBE,PARANA,411110
MAUA,SAO PAULO,352940
CALIFORNIA,PARANA,410350
RIBEIRAO PIRES,SAO PAULO,354330
PIEDADE,SAO PAULO,353780
ALTONIA,PARANA,410050
BOM SUCESSO,PARANA,410320
ENGENHEIRO BELTRAO,PARANA,410750
SAO BERNARDO DO CAMPO,SAO PAULO,354870
BERTIOGA,SAO PAULO,350635
JABOTI,PARANA,411170
SAO JORGE DO PATROCINIO,PARANA,412535
SAO SEBASTIAO,SAO PAULO,355070
XAMBRE,PARANA,412880
SANTANA DO ITARARE,PARANA,412400
DIADEMA,SAO PAULO,351380
ESPERANCA NOVA,PARANA,410752
ITAPECERICA DA SERRA,SAO PAULO,352220
MARUMBI,PARANA,411550
ITABERA,SAO PAULO,352170
TUNEIRAS DO OESTE,PARANA,412790
NOVO ITACOLOMI,PARANA,411729
TAMARANA,PARANA,412667
RIO GRANDE DA SERRA,SAO PAULO,354410
QUINTA DO SOL,PARANA,412110
PILAR DO SUL,SAO PAULO,353790
PEROLA,PARANA,411890
RIO BOM,PARANA,412210
JAPORA,MATO GROSSO DO SUL,500480
ILHABELA,SAO PAULO,352040
SAO PEDRO DO IVAI,PARANA,412580
WENCESLAU BRAZ,PARANA,412850
SETE QUEDAS,MATO GROSSO DO SUL,500770
PINHALAO,PARANA,411920
SANTOS,SAO PAULO,354850
SAPOPEMA,PARANA,412620
SAO MIGUEL ARCANJO,SAO PAULO,355020
ARARUNA,PARANA,410170
FIGUEIRA,PARANA,410775
RIVERSUL,SAO PAULO,354350
EMBU-GUACU,SAO PAULO,351510
SAO LOURENCO DA SERRA,SAO PAULO,354995
KALORE,PARANA,411310
CUBATAO,SAO PAULO,351350
FENIX,PARANA,410770
ORTIGUEIRA,PARANA,411730
PEABIRU,PARANA,411880
CAFEZAL DO SUL,PARANA,410347
PEROBAL,PARANA,411885
CAPAO BONITO,SAO PAULO,351020
MUNDO NOVO,MATO GROSSO DO SUL,500568
SAO JOSE DA BOA VISTA,PARANA,412540
JUQUITIBA,SAO PAULO,352620
ARAPOTI,PARANA,410160
MAUA DA SERRA,PARANA,411575
TAQUARIVAI,SAO PAULO,355385
FAXINAL,PARANA,410760
BORRAZOPOLIS,PARANA,410330
CURIUVA,PARANA,410700
GUARUJA,SAO PAULO,351870
TAPIRAI,SAO PAULO,355350
CRUZMALTINA,PARANA,410685
ITARARE,SAO PAULO,352320
SAO VICENTE,SAO PAULO,355100
SAO JOAO DO IVAI,PARANA,412500
IPORA,PARANA,411060
BARBOSA FERRAZ,PARANA,410250
MARILUZ,PARANA,411510
SENGES,PARANA,412630
ALTO PIQUIRI,PARANA,410070
MOREIRA SALES,PARANA,411610
ITANHAEM,SAO PAULO,352210
PRAIA GRANDE,SAO PAULO,354100
VENTANIA,PARANA,412853
CAMPO MOURAO,PARANA,410430
LUNARDELLI,PARANA,411375
TERRA ROXA,PARANA,412740
JANIOPOLIS,PARANA,411220
LIDIANOPOLIS,PARANA,411342
PEDRO DE TOLEDO,SAO PAULO,353720
MONGAGUA,SAO PAULO,353110
MIRACATU,SAO PAULO,352990
FRANCISCO ALVES,PARANA,410832
FAROL,PARANA,410755
JUQUIA,SAO PAULO,352610
TELEMACO BORBA,PARANA,412710
CORUMBATAI DO SUL,PARANA,410655
BRASILANDIA DO SUL,PARANA,410337
RIBEIRAO GRANDE,SAO PAULO,354325
GUAIRA,PARANA,410880
GOIOERE,PARANA,410860
JAGUARIAIVA,PARANA,411200
GODOY MOREIRA,PARANA,410855
SETE BARRAS,SAO PAULO,355180
GRANDES RIOS,PARANA,410870
GUAPIARA,SAO PAULO,351760
NOVA CAMPINA,SAO PAULO,353282
JARDIM ALEGRE,PARANA,411250
RIBEIRAO BRANCO,SAO PAULO,354300
PALOTINA,PARANA,411790
PERUIBE,SAO PAULO,353760
RANCHO ALEGRE D'OESTE,PARANA,412135
BOA ESPERANCA,PARANA,410300
IVAIPORA,PARANA,411150
ROSARIO DO IVAI,PARANA,412265
LUIZIANA,PARANA,411373
FORMOSA DO OESTE,PARANA,410820
MAMBORE,PARANA,411400
ELDORADO,SAO PAULO,351480
ITARIRI,SAO PAULO,352330
ASSIS CHATEAUBRIAND,PARANA,410200
IRETAMA,PARANA,411080
QUARTO CENTENARIO,PARANA,412065
ARAPUA,PARANA,410165
PIRAI DO SUL,PARANA,411940
NOVA TEBAS,PARANA,411727
APIAI,SAO PAULO,350270
BOM SUCESSO DE ITARARE,SAO PAULO,350715
RIO BRANCO DO IVAI,PARANA,412217
IPORANGA,SAO PAULO,352120
JESUITAS,PARANA,411275
JURANDA,PARANA,411295
ARIRANHA DO IVAI,PARANA,410185
IMBAU,PARANA,411007
RESERVA,PARANA,412170
NOVA AURORA,PARANA,411670
TIBAGI,PARANA,412750
BARRA DO CHAPEU,SAO PAULO,350535
IGUAPE,SAO PAULO,352030
UBIRATA,PARANA,412800
REGISTRO,SAO PAULO,354260
NOVA SANTA ROSA,PARANA,411722
IRACEMA DO OESTE,PARANA,411065
MARIPA,PARANA,411535
MERCEDES,PARANA,411585
MANOEL RIBAS,PARANA,411450
CANDIDO DE ABREU,PARANA,410440
ITAPIRAPUA PAULISTA,SAO PAULO,352265
QUATRO PONTES,PARANA,412085
RONCADOR,PARANA,412250
DOUTOR ULYSSES,PARANA,412863
MARECHAL CANDIDO RONDON,PARANA,411460
CAMPINA DA LAGOA,PARANA,410390
PITANGA,PARANA,411960
TOLEDO,PARANA,412770
NOVA CANTU,PARANA,411680
CORBELIA,PARANA,410630
RIBEIRA,SAO PAULO,354280
TUPASSI,PARANA,412795
ITAOCA,SAO PAULO,352215
CASTRO,PARANA,410490
JACUPIRANGA,SAO PAULO,352460
PARIQUERA-ACU,SAO PAULO,353620
IGUATU,PARANA,411005
PATO BRAGADO,PARANA,411845
CAFELANDIA,PARANA,410345
MATO RICO,PARANA,411573
ANAHY,PARANA,410105
ADRIANOPOLIS,PARANA,410020
BRAGANEY,PARANA,410335
CAJATI,SAO PAULO,350925
BOA VENTURA DE SAO ROQUE,PARANA,410304
BARRA DO TURVO,SAO PAULO,350540
ENTRE RIOS DO OESTE,PARANA,410753
CERRO AZUL,PARANA,410520
ILHA COMPRIDA,SAO PAULO,352042
SANTA HELENA,PARANA,412350
CAMPO BONITO,PARANA,410405
PALMITAL,PARANA,411780
OURO VERDE DO OESTE,PARANA,411745
ALTAMIRA DO PARANA,PARANA,410045
LARANJAL,PARANA,411325
CASCAVEL,PARANA,410480
GUARANIACU,PARANA,410930
PRUDENTOPOLIS,PARANA,412060
SANTA MARIA DO OESTE,PARANA,412385
TURVO,PARANA,412796
CARAMBEI,PARANA,410465
CANANEIA,SAO PAULO,350990
SAO JOSE DAS PALMEIRAS,PARANA,412545
SAO PEDRO DO IGUACU,PARANA,412575
IPIRANGA,PARANA,411050
TUNAS DO PARANA,PARANA,412788
IVAI,PARANA,411140
DIAMANTE DO SUL,PARANA,410712
DIAMANTE D'OESTE,PARANA,410715
SANTA TEREZA DO OESTE,PARANA,412402
RIO BRANCO DO SUL,PARANA,412220
VERA CRUZ DO OESTE,PARANA,412855
PONTA GROSSA,PARANA,411990
BOCAIUVA DO SUL,PARANA,410310
ITAPERUCU,PARANA,411125
GOIOXIM,PARANA,410865
NOVA LARANJEIRAS,PARANA,411705
CEU AZUL,PARANA,410530
MARQUINHO,PARANA,411545
GUARAQUECABA,PARANA,410950
CAMPO LARGO,PARANA,410420
CAMPINA DO SIMAO,PARANA,410395
CAMPINA GRANDE DO SUL,PARANA,410400
RAMILANDIA,PARANA,412125
MISSAL,PARANA,411605
ITAIPULANDIA,PARANA,411095
IMBITUVA,PARANA,411010
GUARAPUAVA,PARANA,410940
GUAMIRANGA,PARANA,410895
ANTONINA,PARANA,410120
TEIXEIRA SOARES,PARANA,412700
CATANDUVAS,PARANA,410500
IBEMA,PARANA,410975
CANTAGALO,PARANA,410445
MEDIANEIRA,PARANA,411580
LARANJEIRAS DO SUL,PARANA,411330
MATELANDIA,PARANA,411560
LINDOESTE,PARANA,411345
CAMPO MAGRO,PARANA,410425
SAO MIGUEL DO IGUACU,PARANA,412570
ALMIRANTE TAMANDARE,PARANA,410040
FOZ DO IGUACU,PARANA,410830
COLOMBO,PARANA,410580
ESPIGAO ALTO DO IGUACU,PARANA,410754
PALMEIRA,PARANA,411770
VIRMOND,PARANA,412865
QUEDAS DO IGUACU,PARANA,412090
MORRETES,PARANA,411620
CANDOI,PARANA,410442
TRES BARRAS DO PARANA,PARANA,412785
QUATRO BARRAS,PARANA,412080
FERNANDES PINHEIRO,PARANA,410773
SANTA TEREZINHA DE ITAIPU,PARANA,412405
SERRANOPOLIS DO IGUACU,PARANA,412635
SANTA LUCIA,PARANA,412382
CURITIBA,PARANA,410690
BOA VISTA DA APARECIDA,PARANA,410305
BALSA NOVA,PARANA,410230
IRATI,PARANA,411070
PARANAGUA,PARANA,411820
PINHAIS,PARANA,411915
PIRAQUARA,PARANA,411950
CAPITAO LEONIDAS MARQUES,PARANA,410460
RIO BONITO DO IGUACU,PARANA,412215
PORTO AMAZONAS,PARANA,412010
INACIO MARTINS,PARANA,411020
SAO JOSE DOS PINHAIS,PARANA,412550
NOVA PRATA DO IGUACU,PARANA,411725
ARAUCARIA,PARANA,410180
PORTO BARREIRO,PARANA,412015
CAPANEMA,PARANA,410450
REALEZA,PARANA,412140
CRUZEIRO DO IGUACU,PARANA,410657
SAO JORGE D'OESTE,PARANA,412520
SAO JOAO DO TRIUNFO,PARANA,412510
LAPA,PARANA,411320
PONTAL DO PARANA,PARANA,411995
REBOUCAS,PARANA,412150
BOA ESPERANCA DO IGUACU,PARANA,410302
SAO JOAO,PARANA,412480
SULINA,PARANA,412665
RIO AZUL,PARANA,412200
PINHAO,PARANA,411930
CONTENDA,PARANA,410620
GUARATUBA,PARANA,410960
DOIS VIZINHOS,PARANA,410720
SAUDADE DO IGUACU,PARANA,412627
FOZ DO JORDAO,PARANA,410845
FAZENDA RIO GRANDE,PARANA,410765
SANTA IZABEL DO OESTE,PARANA,412380
CHOPINZINHO,PARANA,410540
PLANALTO,PARANA,411980
CRUZ MACHADO,PARANA,410680
SALTO DO LONTRA,PARANA,412300
MANDIRITUBA,PARANA,411430
MALLET,PARANA,411390
MATINHOS,PARANA,411570
RESERVA DO IGUACU,PARANA,412175
SAO MATEUS DO SUL,PARANA,412560
TIJUCAS DO SUL,PARANA,412760
VERE,PARANA,412860
MANGUEIRINHA,PARANA,411440
PEROLA D'OESTE,PARANA,411900
ENEAS MARQUES,PARANA,410740
NOVA ESPERANCA DO SUDOESTE,PARANA,411695
QUITANDINHA,PARANA,412120
AMPERE,PARANA,410100
BELA VISTA DA CAROBA,PARANA,410275
ANTONIO OLINTO,PARANA,410130
ITAPEJARA D'OESTE,PARANA,411120
CORONEL VIVIDA,PARANA,410650
CAMPO DO TENENTE,PARANA,410410
PRANCHITA,PARANA,412035
BITURUNA,PARANA,410290
CORONEL DOMINGOS SOARES,PARANA,410645
UNIAO DA VITORIA,PARANA,412820
FRANCISCO BELTRAO,PARANA,410840
RIO NEGRO,PARANA,412230
AGUDOS DO SUL,PARANA,410030
PIEN,PARANA,411910
SANTO ANTONIO DO SUDOESTE,PARANA,412440
ITAPOA,SANTA CATARINA,420845
PAULO FRONTIN,PARANA,411870
PINHAL DE SAO BENTO,PARANA,411925
GARUVA,SANTA CATARINA,420580
CAMPO ALEGRE,SANTA CATARINA,420330
HONORIO SERPA,PARANA,410965
PATO BRANCO,PARANA,411850
CANOINHAS,SANTA CATARINA,420380
BOM SUCESSO DO SUL,PARANA,410322
MAFRA,SANTA CATARINA,421010
MANFRINOPOLIS,PARANA,411435
TRES BARRAS,SANTA CATARINA,421830
SALGADO FILHO,PARANA,412280
PAULA FREITAS,PARANA,411860
RENASCENCA,PARANA,412160
JOINVILLE,SANTA CATARINA,420910
BOM JESUS DO SUL,PARANA,410315
MARMELEIRO,PARANA,411540
SAO FRANCISCO DO SUL,SANTA CATARINA,421620
PORTO VITORIA,PARANA,412030
VITORINO,PARANA,412870
CLEVELANDIA,PARANA,410570
SAO BENTO DO SUL,SANTA CATARINA,421580
FLOR DA SERRA DO SUL,PARANA,410785
BARRACAO,PARANA,410260
IRINEOPOLIS,SANTA CATARINA,420790
RIO NEGRINHO,SANTA CATARINA,421500
JARAGUA DO SUL,SANTA CATARINA,420890
PAPANDUVA,SANTA CATARINA,421220
BELA VISTA DO TOLDO,SANTA CATARINA,420213
PORTO UNIAO,SANTA CATARINA,421360
MARIOPOLIS,PARANA,411530
ITAIOPOLIS,SANTA CATARINA,420810
DIONISIO CERQUEIRA,SANTA CATARINA,420500
PALMAS,PARANA,411760
GENERAL CARNEIRO,PARANA,410850
PALMA SOLA,SANTA CATARINA,421200
MAJOR VIEIRA,SANTA CATARINA,421030
ARAQUARI,SANTA CATARINA,420130
SCHROEDER,SANTA CATARINA,421740
CORUPA,SANTA CATARINA,420450
CAMPO ERE,SANTA CATARINA,420350
JUPIA,SANTA CATARINA,420917
SAO LOURENCO DO OESTE,SANTA CATARINA,421690
SAO BERNARDINO,SANTA CATARINA,421575
BALNEARIO BARRA DO SUL,SANTA CATARINA,420205
GUARUJA DO SUL,SANTA CATARINA,420660
GUARAMIRIM,SANTA CATARINA,420650
PRINCESA,SANTA CATARINA,421415
GALVAO,SANTA CATARINA,420560
MATOS COSTA,SANTA CATARINA,421070
SAO DOMINGOS,SANTA CATARINA,421610
SAO JOSE DO CEDRO,SANTA CATARINA,421670
NOVO HORIZONTE,SANTA CATARINA,421165
MONTE CASTELO,SANTA CATARINA,421110
ABELARDO LUZ,SANTA CATARINA,420010
ANCHIETA,SANTA CATARINA,420080
CORONEL MARTINS,SANTA CATARINA,420445
TIMBO GRANDE,SANTA CATARINA,421825
RIO DOS CEDROS,SANTA CATARINA,421470
CALMON,SANTA CATARINA,420315
GUARACIABA,SANTA CATARINA,420640
SANTA TEREZINHA,SANTA CATARINA,421567
SAO JOAO DO ITAPERIU,SANTA CATARINA,421635
MASSARANDUBA,SANTA CATARINA,421060
SALTINHO,SANTA CATARINA,421535
SANTA TEREZINHA DO PROGRESSO,SANTA CATARINA,421568
ROMELANDIA,SANTA CATARINA,421520
PASSOS MAIA,SANTA CATARINA,421227
BARRA VELHA,SANTA CATARINA,420210
AGUA DOCE,SANTA CATARINA,420040
DOUTOR PEDRINHO,SANTA CATARINA,420515
IPUACU,SANTA CATARINA,420768
PARAISO,SANTA CATARINA,421223
SANTIAGO DO SUL,SANTA CATARINA,421569
FORMOSA DO SUL,SANTA CATARINA,420543
IRATI,SANTA CATARINA,420785
SUL BRASIL,SANTA CATARINA,421775
BLUMENAU,SANTA CATARINA,420240
POMERODE,SANTA CATARINA,421320
BARRA BONITA,SANTA CATARINA,420209
CACADOR,SANTA CATARINA,420300
BOM JESUS DO OESTE,SANTA CATARINA,420257
LUIZ ALVES,SANTA CATARINA,421000
TIGRINHOS,SANTA CATARINA,421795
SERRA ALTA,SANTA CATARINA,421755
SANTA CECILIA,SANTA CATARINA,421550
LEBON REGIS,SANTA CATARINA,420970
SAO MIGUEL DA BOA VISTA,SANTA CATARINA,421715
QUILOMBO,SANTA CATARINA,421420
OURO VERDE,SANTA CATARINA,421185
SAO MIGUEL D'OESTE,SANTA CATARINA,421720
BENEDITO NOVO,SANTA CATARINA,420220
ENTRE RIOS,SANTA CATARINA,420517
BOM JESUS,SANTA CATARINA,420253
JARDINOPOLIS,SANTA CATARINA,420895
BANDEIRANTE,SANTA CATARINA,420208
MARAVILHA,SANTA CATARINA,421050
JOSE BOITEUX,SANTA CATARINA,420915
PICARRAS,SANTA CATARINA,421280
FLOR DO SERTAO,SANTA CATARINA,420535
VITOR MEIRELES,SANTA CATARINA,421935
MACIEIRA,SANTA CATARINA,421005
NAVEGANTES,SANTA CATARINA,421130
VARGEAO,SANTA CATARINA,421910
FAXINAL DOS GUEDES,SANTA CATARINA,420530
MODELO,SANTA CATARINA,421090
UNIAO DO OESTE,SANTA CATARINA,421885
TIMBO,SANTA CATARINA,421820
XANXERE,SANTA CATARINA,421950
PINHALZINHO,SANTA CATARINA,421290
MAREMA,SANTA CATARINA,421055
PONTE SERRADA,SANTA CATARINA,421340
PENHA,SANTA CATARINA,421250
ILHOTA,SANTA CATARINA,420710
DESCANSO,SANTA CATARINA,420490
GASPAR,SANTA CATARINA,420590
IRACEMINHA,SANTA CATARINA,420775
RIO DO CAMPO,SANTA CATARINA,421450
AGUAS FRIAS,SANTA CATARINA,420055
CUNHA PORA,SANTA CATARINA,420470
LAJEADO GRANDE,SANTA CATARINA,420945
CORONEL FREITAS,SANTA CATARINA,420440
RODEIO,SANTA CATARINA,421510
SAUDADES,SANTA CATARINA,421730
BELMONTE,SANTA CATARINA,420215
RIO DAS ANTAS,SANTA CATARINA,421440
INDAIAL,SANTA CATARINA,420750
ITAJAI,SANTA CATARINA,420820
VARGEM BONITA,SANTA CATARINA,421917
TREZE TILIAS,SANTA CATARINA,421850
SALTO VELOSO,SANTA CATARINA,421540
NOVA ERECHIM,SANTA CATARINA,421140
VIDEIRA,SANTA CATARINA,421930
XAXIM,SANTA CATARINA,421970
SALETE,SANTA CATARINA,421530
ARROIO TRINTA,SANTA CATARINA,420160
FRAIBURGO,SANTA CATARINA,420550
RIQUEZA,SANTA CATARINA,421507
SANTA HELENA,SANTA CATARINA,421555
WITMARSUM,SANTA CATARINA,421940
IBIRAMA,SANTA CATARINA,420690
NOVA ITABERABA,SANTA CATARINA,421145
CAIBI,SANTA CATARINA,420310
DONA EMMA,SANTA CATARINA,420510
ASCURRA,SANTA CATARINA,420170
IPORA DO OESTE,SANTA CATARINA,420765
IOMERE,SANTA CATARINA,420757
CORDILHEIRA ALTA,SANTA CATARINA,420435
CUNHATAI,SANTA CATARINA,420475
IPUMIRIM,SANTA CATARINA,420770
IRANI,SANTA CATARINA,420780
TUNAPOLIS,SANTA CATARINA,421875
PRESIDENTE GETULIO,SANTA CATARINA,421400
CATANDUVAS,SANTA CATARINA,420400
CHAPECO,SANTA CATARINA,420420
XAVANTINA,SANTA CATARINA,421960
LINDOIA DO SUL,SANTA CATARINA,420985
PALMITOS,SANTA CATARINA,421210
AGUAS DE CHAPECO,SANTA CATARINA,420050
BALNEARIO CAMBORIU,SANTA CATARINA,420200
SAO CARLOS,SANTA CATARINA,421600
TAIO,SANTA CATARINA,421780
PLANALTO ALEGRE,SANTA CATARINA,421315
CAMBORIU,SANTA CATARINA,420320
APIUNA,SANTA CATARINA,420125
BRUSQUE,SANTA CATARINA,420290
ARVOREDO,SANTA CATARINA,420165
ITAPIRANGA,SANTA CATARINA,420840
MONDAI,SANTA CATARINA,421100
RIO DO OESTE,SANTA CATARINA,421460
SAO JOAO DO OESTE,SANTA CATARINA,421625
GUATAMBU,SANTA CATARINA,420665
IBICARE,SANTA CATARINA,420680
PINHEIRO PRETO,SANTA CATARINA,421300
GUABIRUBA,SANTA CATARINA,420630
SEARA,SANTA CATARINA,421750
TANGARA,SANTA CATARINA,421790
JOACABA,SANTA CATARINA,420900
LUZERNA,SANTA CATARINA,421003
ITAPEMA,SANTA CATARINA,420830
CURITIBANOS,SANTA CATARINA,420480
ARABUTA,SANTA CATARINA,420127
CAXAMBU DO SUL,SANTA CATARINA,420410
JABORA,SANTA CATARINA,420860
MIRIM DOCE,SANTA CATARINA,421085
LONTRAS,SANTA CATARINA,420990
RIO DO SUL,SANTA CATARINA,421480
ALPESTRE,RIO GRANDE DO SUL,430050
VICENTE DUTRA,RIO GRANDE DO SUL,432310
PONTE ALTA DO NORTE,SANTA CATARINA,421335
CONCORDIA,SANTA CATARINA,420430
PORTO BELO,SANTA CATARINA,421350
BOMBINHAS,SANTA CATARINA,420245
HERVAL D'OESTE,SANTA CATARINA,420670
MONTE CARLO,SANTA CATARINA,421105
FREI ROGERIO,SANTA CATARINA,420555
BOTUVERA,SANTA CATARINA,420270
DERRUBADAS,RIO GRANDE DO SUL,430632
TIJUCAS,SANTA CATARINA,421800
CANELINHA,SANTA CATARINA,420370
IBIAM,SANTA CATARINA,420675
LAURENTINO,SANTA CATARINA,420950
BARRA DO GUARITA,RIO GRANDE DO SUL,430185
PRESIDENTE NEREU,SANTA CATARINA,421410
PAIAL,SANTA CATARINA,421187
RIO DOS INDIOS,RIO GRANDE DO SUL,431555
PINHEIRINHO DO VALE,RIO GRANDE DO SUL,431449
IRAI,RIO GRANDE DO SUL,431050
CAICARA,RIO GRANDE DO SUL,430340
ITA,SANTA CATARINA,420800
NOVA TRENTO,SANTA CATARINA,421150
PRESIDENTE CASTELO BRANCO,SANTA CATARINA,421390
OURO,SANTA CATARINA,421180
POUSO REDONDO,SANTA CATARINA,421370
CAMPOS NOVOS,SANTA CATARINA,420360
LACERDOPOLIS,SANTA CATARINA,420920
NONOAI,RIO GRANDE DO SUL,431270
VISTA GAUCHA,RIO GRANDE DO SUL,432370
ERVAL VELHO,SANTA CATARINA,420520
SAO CRISTOVAO DO SUL,SANTA CATARINA,421605
ITATIBA DO SUL,RIO GRANDE DO SUL,431070
FREDERICO WESTPHALEN,RIO GRANDE DO SUL,430850
SAO JOAO BATISTA,SANTA CATARINA,421630
BRUNOPOLIS,SANTA CATARINA,420287
VIDAL RAMOS,SANTA CATARINA,421920
VISTA ALEGRE,RIO GRANDE DO SUL,432350
ERVAL GRANDE,RIO GRANDE DO SUL,430720
AGRONOMICA,SANTA CATARINA,420030
TROMBUDO CENTRAL,SANTA CATARINA,421860
PALMITINHO,RIO GRANDE DO SUL,431380
ARATIBA,RIO GRANDE DO SUL,430090
TIRADENTES DO SUL,RIO GRANDE DO SUL,432147
AURORA,SANTA CATARINA,420190
TENENTE PORTELA,RIO GRANDE DO SUL,432140
ESPERANCA DO SUL,RIO GRANDE DO SUL,430745
PLANALTO,RIO GRANDE DO SUL,431470
PONTE ALTA,SANTA CATARINA,421330
GOVERNADOR CELSO RAMOS,SANTA CATARINA,420600
MARIANO MORO,RIO GRANDE DO SUL,431200
OTACILIO COSTA,SANTA CATARINA,421175
BARRA DO RIO AZUL,RIO GRANDE DO SUL,430192
IPIRA,SANTA CATARINA,420760
FAXINALZINHO,RIO GRANDE DO SUL,430805
PERITIBA,SANTA CATARINA,421260
ITUPORANGA,SANTA CATARINA,420850
BRACO DO TROMBUDO,SANTA CATARINA,420285
AMETISTA DO SUL,RIO GRANDE DO SUL,430064
LEOBERTO LEAL,SANTA CATARINA,420980
BIGUACU,SANTA CATARINA,420230
TRES PASSOS,RIO GRANDE DO SUL,432190
CAPINZAL,SANTA CATARINA,420390
ALTO BELA VISTA,SANTA CATARINA,420075
MARCELINO RAMOS,RIO GRANDE DO SUL,431190
SEVERIANO DE ALMEIDA,RIO GRANDE DO SUL,432060
MAJOR GERCINO,SANTA CATARINA,421020
ERVAL SECO,RIO GRANDE DO SUL,430730
AGROLANDIA,SANTA CATARINA,420020
TAQUARUCU DO SUL,RIO GRANDE DO SUL,432132
CRISTAL DO SUL,RIO GRANDE DO SUL,430607
VARGEM,SANTA CATARINA,421915
CRISSIUMAL,RIO GRANDE DO SUL,430600
ATALANTA,SANTA CATARINA,420180
GRAMADO DOS LOUREIROS,RIO GRANDE DO SUL,430912
SEBERI,RIO GRANDE DO SUL,432020
ZORTEA,SANTA CATARINA,421985
PIRATUBA,SANTA CATARINA,421310
ANTONIO CARLOS,SANTA CATARINA,420120
RODEIO BONITO,RIO GRANDE DO SUL,431590
DOUTOR MAURICIO CARDOSO,RIO GRANDE DO SUL,430673
TRES ARROIOS,RIO GRANDE DO SUL,432163
REDENTORA,RIO GRANDE DO SUL,431540
SAO JOSE DO CERRITO,SANTA CATARINA,421680
BENJAMIN CONSTANT DO SUL,RIO GRANDE DO SUL,430205
ENTRE RIOS DO SUL,RIO GRANDE DO SUL,430695
LIBERATO SALZANO,RIO GRANDE DO SUL,431160
VIADUTOS,RIO GRANDE DO SUL,432290
IMBUIA,SANTA CATARINA,420740
MIRAGUAI,RIO GRANDE DO SUL,431230
PALMEIRA,SANTA CATARINA,421205
ANGELINA,SANTA CATARINA,420090
PETROLANDIA,SANTA CATARINA,421270
TRINDADE DO SUL,RIO GRANDE DO SUL,432195
NOVO MACHADO,RIO GRANDE DO SUL,431342
CORREIA PINTO,SANTA CATARINA,420455
SAO VALENTIM,RIO GRANDE DO SUL,431970
BARAO DE COTEGIPE,RIO GRANDE DO SUL,430170
MACHADINHO,RIO GRANDE DO SUL,431170
PINHAL,RIO GRANDE DO SUL,431445
ERECHIM,RIO GRANDE DO SUL,430700
BOM PROGRESSO,RIO GRANDE DO SUL,430237
BRAGA,RIO GRANDE DO SUL,430260
HORIZONTINA,RIO GRANDE DO SUL,430960
PORTO MAUA,RIO GRANDE DO SUL,431505
GAURAMA,RIO GRANDE DO SUL,430870
NOVO TIRADENTES,RIO GRANDE DO SUL,431344
CHAPADAO DO LAGEADO,SANTA CATARINA,420419
MAXIMILIANO DE ALMEIDA,RIO GRANDE DO SUL,431220
ABDON BATISTA,SANTA CATARINA,420005
HUMAITA,RIO GRANDE DO SUL,430970
JABOTICABA,RIO GRANDE DO SUL,431085
SAO JOSE,SANTA CATARINA,421660
ALECRIM,RIO GRANDE DO SUL,430030
TRES PALMEIRAS,RIO GRANDE DO SUL,432185
SAO PEDRO DE ALCANTARA,SANTA CATARINA,421725
NOVA CANDELARIA,RIO GRANDE DO SUL,431301
BARRACAO,RIO GRANDE DO SUL,430180
TUCUNDUVA,RIO GRANDE DO SUL,432210
ALFREDO WAGNER,SANTA CATARINA,420070
CAMPINAS DO SUL,RIO GRANDE DO SUL,430380
CELSO RAMOS,SANTA CATARINA,420415
LAGES,SANTA CATARINA,420930
CERRO NEGRO,SANTA CATARINA,420417
CAMPO NOVO,RIO GRANDE DO SUL,430400
RANCHO QUEIMADO,SANTA CATARINA,421430
SEDE NOVA,RIO GRANDE DO SUL,432023
CERRO GRANDE,RIO GRANDE DO SUL,430515
TUPARENDI,RIO GRANDE DO SUL,432230
CONSTANTINA,RIO GRANDE DO SUL,430580
TRES DE MAIO,RIO GRANDE DO SUL,432180
ANITA GARIBALDI,SANTA CATARINA,420100
CAMPO BELO DO SUL,SANTA CATARINA,420340
BOM RETIRO,SANTA CATARINA,420260
PONTE PRETA,RIO GRANDE DO SUL,431478
DOIS IRMAOS DAS MISSOES,RIO GRANDE DO SUL,430642
BOA VISTA DAS MISSOES,RIO GRANDE DO SUL,430215
ENGENHO VELHO,RIO GRANDE DO SUL,430692
PALHOCA,SANTA CATARINA,421190
SANTO AMARO DA IMPERATRIZ,SANTA CATARINA,421570
BOCAINA DO SUL,SANTA CATARINA,420243
BOA VISTA DO BURICA,RIO GRANDE DO SUL,430220
AGUAS MORNAS,SANTA CATARINA,420060
SAO JOSE DO OURO,RIO GRANDE DO SUL,431860
AUREA,RIO GRANDE DO SUL,430155
SAGRADA FAMILIA,RIO GRANDE DO SUL,431642
CARLOS GOMES,RIO GRANDE DO SUL,430485
LAJEADO DO BUGRE,RIO GRANDE DO SUL,431142
CORONEL BICACO,RIO GRANDE DO SUL,430590
SAO MARTINHO,RIO GRANDE DO SUL,431910
PAIM FILHO,RIO GRANDE DO SUL,431360
RONDA ALTA,RIO GRANDE DO SUL,431610
JACUTINGA,RIO GRANDE DO SUL,431090
SAO JOSE DO INHACORA,RIO GRANDE DO SUL,431849
SANTO CRISTO,RIO GRANDE DO SUL,431790
PORTO VERA CRUZ,RIO GRANDE DO SUL,431507
CENTENARIO,RIO GRANDE DO SUL,430511
SANTA ROSA,RIO GRANDE DO SUL,431720
CACIQUE DOBLE,RIO GRANDE DO SUL,430320
SAO JOAO DA URTIGA,RIO GRANDE DO SUL,431842
PALMEIRA DAS MISSOES,RIO GRANDE DO SUL,431370
ESMERALDA,RIO GRANDE DO SUL,430740
GETULIO VARGAS,RIO GRANDE DO SUL,430890
ANITAPOLIS,SANTA CATARINA,420110
ALEGRIA,RIO GRANDE DO SUL,430045
RONDINHA,RIO GRANDE DO SUL,431620
SAO JOSE DAS MISSOES,RIO GRANDE DO SUL,431845
EREBANGO,RIO GRANDE DO SUL,430697
SANTO AUGUSTO,RIO GRANDE DO SUL,431780
SAO VALERIO DO SUL,RIO GRANDE DO SUL,431973
PORTO LUCENA,RIO GRANDE DO SUL,431500
SANANDUVA,RIO GRANDE DO SUL,431660
PAINEL,SANTA CATARINA,421189
SARANDI,RIO GRANDE DO SUL,432010
PAULO LOPES,SANTA CATARINA,421230
FLORIANO PEIXOTO,RIO GRANDE DO SUL,430825
INDEPENDENCIA,RIO GRANDE DO SUL,431040
RIO RUFINO,SANTA CATARINA,421505
SAO BONIFACIO,SANTA CATARINA,421590
NOVO BARREIRO,RIO GRANDE DO SUL,431349
GIRUA,RIO GRANDE DO SUL,430900
INHACORA,RIO GRANDE DO SUL,431041
CAPAO ALTO,SANTA CATARINA,420325
FLORIANOPOLIS,SANTA CATARINA,420540
CANDIDO GODOI,RIO GRANDE DO SUL,430430
PORTO XAVIER,RIO GRANDE DO SUL,431510
CAMPINA DAS MISSOES,RIO GRANDE DO SUL,430370
LAGOA VERMELHA,RIO GRANDE DO SUL,431130
SANTO EXPEDITO DO SUL,RIO GRANDE DO SUL,431795
CHIAPETA,RIO GRANDE DO SUL,430540
IPIRANGA DO SUL,RIO GRANDE DO SUL,431046
TUPANCI DO SUL,RIO GRANDE DO SUL,432218
SAO PAULO DAS MISSOES,RIO GRANDE DO SUL,431930
ESTACAO,RIO GRANDE DO SUL,430755
CHARRUA,RIO GRANDE DO SUL,430537
BARRA FUNDA,RIO GRANDE DO SUL,430195
URUBICI,SANTA CATARINA,421890
URUPEMA,SANTA CATARINA,421895
PONTAO,RIO GRANDE DO SUL,431477
CHAPADA,RIO GRANDE DO SUL,430530
ROQUE GONZALES,RIO GRANDE DO SUL,431630
SERTAO,RIO GRANDE DO SUL,432050
UBIRETAMA,RIO GRANDE DO SUL,432234
SANTA ROSA DE LIMA,SANTA CATARINA,421560
VACARIA,RIO GRANDE DO SUL,432250
SENADOR SALGADO FILHO,RIO GRANDE DO SUL,432032
NOVA BOA VISTA,RIO GRANDE DO SUL,431295
GAROPABA,SANTA CATARINA,420570
PIRAPO,RIO GRANDE DO SUL,431455
RIO FORTUNA,SANTA CATARINA,421490
TAPEJARA,RIO GRANDE DO SUL,432090
NOVA RAMADA,RIO GRANDE DO SUL,431333
GRAO PARA,SANTA CATARINA,420610
CATUIPE,RIO GRANDE DO SUL,430500
SAO MARTINHO,SANTA CATARINA,421710
IBIACA,RIO GRANDE DO SUL,430980
SALVADOR DAS MISSOES,RIO GRANDE DO SUL,431647
COXILHA,RIO GRANDE DO SUL,430597
VILA LANGARO,RIO GRANDE DO SUL,432335
CARAZINHO,RIO GRANDE DO SUL,430470
SAO NICOLAU,RIO GRANDE DO SUL,431920
CONDOR,RIO GRANDE DO SUL,430570
CERRO LARGO,RIO GRANDE DO SUL,430520
COQUEIROS DO SUL,RIO GRANDE DO SUL,430585
SAO PEDRO DO BUTIA,RIO GRANDE DO SUL,431937
GUARANI DAS MISSOES,RIO GRANDE DO SUL,430950
AJURICABA,RIO GRANDE DO SUL,430020
IJUI,RIO GRANDE DO SUL,431020
SETE DE SETEMBRO,RIO GRANDE DO SUL,432057
IMARUI,SANTA CATARINA,420720
GARRUCHOS,RIO GRANDE DO SUL,430865
IMBITUBA,SANTA CATARINA,420730
DEZESSEIS DE NOVEMBRO,RIO GRANDE DO SUL,430635
SAO JOAQUIM,SANTA CATARINA,421650
AGUA SANTA,RIO GRANDE DO SUL,430005
BOM JARDIM DA SERRA,SANTA CATARINA,420250
PASSO FUNDO,RIO GRANDE DO SUL,431410
ORLEANS,SANTA CATARINA,421170
BRACO DO NORTE,SANTA CATARINA,420280
SANTO ANGELO,RIO GRANDE DO SUL,431750
SAO LUIZ GONZAGA,RIO GRANDE DO SUL,431890
CASEIROS,RIO GRANDE DO SUL,430495
ARMAZEM,SANTA CATARINA,420150
MUITOS CAPOES,RIO GRANDE DO SUL,431261
SANTA BARBARA DO SUL,RIO GRANDE DO SUL,431670
MATO CASTELHANO,RIO GRANDE DO SUL,431213
CAIBATE,RIO GRANDE DO SUL,430330
SANTO ANTONIO DAS MISSOES,RIO GRANDE DO SUL,431770
PANAMBI,RIO GRANDE DO SUL,431390
CIRIACO,RIO GRANDE DO SUL,430550
MULITERNO,RIO GRANDE DO SUL,431262
BOM JESUS,RIO GRANDE DO SUL,430230
IBIRAIARAS,RIO GRANDE DO SUL,430990
SANTO ANTONIO DO PLANALTO,RIO GRANDE DO SUL,431775
VITORIA DAS MISSOES,RIO GRANDE DO SUL,432375
GRAVATAL,SANTA CATARINA,420620
SALDANHA MARINHO,RIO GRANDE DO SUL,431643
SAO LUDGERO,SANTA CATARINA,421700
GENTIL,RIO GRANDE DO SUL,430885
LAURO MULLER,SANTA CATARINA,420960
ENTRE-IJUIS,RIO GRANDE DO SUL,430693
ERNESTINA,RIO GRANDE DO SUL,430705
MARAU,RIO GRANDE DO SUL,431180
CORONEL BARROS,RIO GRANDE DO SUL,430587
PEJUCARA,RIO GRANDE DO SUL,431430
LAGUNA,SANTA CATARINA,420940
COLORADO,RIO GRANDE DO SUL,430560
SAO BORJA,RIO GRANDE DO SUL,431800
NAO-ME-TOQUE,RIO GRANDE DO SUL,431265
DAVID CANABARRO,RIO GRANDE DO SUL,430630
TUBARAO,SANTA CATARINA,421870
CAPIVARI DE BAIXO,SANTA CATARINA,420395
URUSSANGA,SANTA CATARINA,421900
VICTOR GRAEFF,RIO GRANDE DO SUL,432320
SAO MIGUEL DAS MISSOES,RIO GRANDE DO SUL,431915
AUGUSTO PESTANA,RIO GRANDE DO SUL,430150
PEDRAS GRANDES,SANTA CATARINA,421240
BOSSOROCA,RIO GRANDE DO SUL,430250
EUGENIO DE CASTRO,RIO GRANDE DO SUL,430783
TREVISO,SANTA CATARINA,421835
CRUZ ALTA,RIO GRANDE DO SUL,430610
SAO JOSE DOS AUSENTES,RIO GRANDE DO SUL,431862
SANTO ANTONIO DO PALMA,RIO GRANDE DO SUL,431755
IBIRUBA,RIO GRANDE DO SUL,431000
SAO JORGE,RIO GRANDE DO SUL,431844
VANINI,RIO GRANDE DO SUL,432255
NICOLAU VERGUEIRO,RIO GRANDE DO SUL,431267
VILA MARIA,RIO GRANDE DO SUL,432340
SAO DOMINGOS DO SUL,RIO GRANDE DO SUL,431805
ANDRE DA ROCHA,RIO GRANDE DO SUL,430066
TREZE DE MAIO,SANTA CATARINA,421840
SIDEROPOLIS,SANTA CATARINA,421760
CASCA,RIO GRANDE DO SUL,430490
GUABIJU,RIO GRANDE DO SUL,430925
LAGOA DOS TRES CANTOS,RIO GRANDE DO SUL,431127
IBIRAPUITA,RIO GRANDE DO SUL,430995
PARAI,RIO GRANDE DO SUL,431400
JAGUARUNA,SANTA CATARINA,420880
CAMARGO,RIO GRANDE DO SUL,430355
JOIA,RIO GRANDE DO SUL,431115
MONTE ALEGRE DOS CAMPOS,RIO GRANDE DO SUL,431237
CAMPESTRE DA SERRA,RIO GRANDE DO SUL,430367
COCAL DO SUL,SANTA CATARINA,420425
IPE,RIO GRANDE DO SUL,431043
SELBACH,RIO GRANDE DO SUL,432030
MORRO DA FUMACA,SANTA CATARINA,421120
TAPERA,RIO GRANDE DO SUL,432100
SANGAO,SANTA CATARINA,421545
NOVA ARACA,RIO GRANDE DO SUL,431280
SOLEDADE,RIO GRANDE DO SUL,432080
MORMACO,RIO GRANDE DO SUL,431242
MORRO GRANDE,SANTA CATARINA,421125
SERAFINA CORREA,RIO GRANDE DO SUL,432040
MONTAURI,RIO GRANDE DO SUL,431235
NOVA VENEZA,SANTA CATARINA,421160
NOVA PRATA,RIO GRANDE DO SUL,431330
CRICIUMA,SANTA CATARINA,420460
ESPUMOSO,RIO GRANDE DO SUL,430750
NOVA BASSANO,RIO GRANDE DO SUL,431290
ITACURUBI,RIO GRANDE DO SUL,431055
PROTASIO ALVES,RIO GRANDE DO SUL,431517
NOVA ALVORADA,RIO GRANDE DO SUL,431275
ICARA,SANTA CATARINA,420700
ITAPUCA,RIO GRANDE DO SUL,431057
QUINZE DE NOVEMBRO,RIO GRANDE DO SUL,431535
GUAPORE,RIO GRANDE DO SUL,430940
TIMBE DO SUL,SANTA CATARINA,421810
UNIAO DA SERRA,RIO GRANDE DO SUL,432235
FORQUILHINHA,SANTA CATARINA,420545
SANTIAGO,RIO GRANDE DO SUL,431740
FORTALEZA DOS VALOS,RIO GRANDE DO SUL,430845
ALTO ALEGRE,RIO GRANDE DO SUL,430055
MELEIRO,SANTA CATARINA,421080
SAO FRANCISCO DE PAULA,RIO GRANDE DO SUL,431820
VISTA ALEGRE DO PRATA,RIO GRANDE DO SUL,432360
JAQUIRANA,RIO GRANDE DO SUL,431112
CAXIAS DO SUL,RIO GRANDE DO SUL,430510
TUPANCIRETA,RIO GRANDE DO SUL,432220
ANTONIO PRADO,RIO GRANDE DO SUL,430080
ARVOREZINHA,RIO GRANDE DO SUL,430140
TURVO,SANTA CATARINA,421880
MARACAJA,SANTA CATARINA,421040
CAMBARA DO SUL,RIO GRANDE DO SUL,430360
VILA FLORES,RIO GRANDE DO SUL,432330
FAGUNDES VARELA,RIO GRANDE DO SUL,430786
CAMPOS BORGES,RIO GRANDE DO SUL,430410
ARARANGUA,SANTA CATARINA,420140
ITAQUI,RIO GRANDE DO SUL,431060
MACAMBARA,RIO GRANDE DO SUL,431171
FONTOURA XAVIER,RIO GRANDE DO SUL,430830
SAO MARCOS,RIO GRANDE DO SUL,431900
ANTA GORDA,RIO GRANDE DO SUL,430070
VERANOPOLIS,RIO GRANDE DO SUL,432280
JACINTO MACHADO,SANTA CATARINA,420870
ILOPOLIS,RIO GRANDE DO SUL,431030
DOIS LAJEADOS,RIO GRANDE DO SUL,430645
NOVA ROMA DO SUL,RIO GRANDE DO SUL,431335
SALTO DO JACUI,RIO GRANDE DO SUL,431645
COTIPORA,RIO GRANDE DO SUL,430595
NOVA PADUA,RIO GRANDE DO SUL,431308
FLORES DA CUNHA,RIO GRANDE DO SUL,430820
UNISTALDA,RIO GRANDE DO SUL,432237
BALNEARIO ARROIO DO SILVA,SANTA CATARINA,420195
PUTINGA,RIO GRANDE DO SUL,431520
ERMO,SANTA CATARINA,420519
BARROS CASSAL,RIO GRANDE DO SUL,430200
JULIO DE CASTILHOS,RIO GRANDE DO SUL,431120
SAO VALENTIM DO SUL,RIO GRANDE DO SUL,431971
SAO JOSE DO HERVAL,RIO GRANDE DO SUL,431846
VESPASIANO CORREA,RIO GRANDE DO SUL,432285
BENTO GONCALVES,RIO GRANDE DO SUL,430210
SOMBRIO,SANTA CATARINA,421770
DOUTOR RICARDO,RIO GRANDE DO SUL,430675
TUNAS,RIO GRANDE DO SUL,432215
SANTA ROSA DO SUL,SANTA CATARINA,421565
FARROUPILHA,RIO GRANDE DO SUL,430790
BALNEARIO GAIVOTA,SANTA CATARINA,420207
RELVADO,RIO GRANDE DO SUL,431545
PRAIA GRANDE,SANTA CATARINA,421380
SANTA TEREZA,RIO GRANDE DO SUL,431725
NOVA BRESCIA,RIO GRANDE DO SUL,431300
JARI,RIO GRANDE DO SUL,431113
MONTE BELO DO SUL,RIO GRANDE DO SUL,431238
MUCUM,RIO GRANDE DO SUL,431260
POUSO NOVO,RIO GRANDE DO SUL,431513
QUEVEDOS,RIO GRANDE DO SUL,431532
LAGOAO,RIO GRANDE DO SUL,431125
SAO JOAO DO SUL,SANTA CATARINA,421640
ESTRELA VELHA,RIO GRANDE DO SUL,430781
ROCA SALES,RIO GRANDE DO SUL,431580
PROGRESSO,RIO GRANDE DO SUL,431515
ENCANTADO,RIO GRANDE DO SUL,430680
ARROIO DO TIGRE,RIO GRANDE DO SUL,430120
PINHAL GRANDE,RIO GRANDE DO SUL,431447
SEGREDO,RIO GRANDE DO SUL,432026
SAO FRANCISCO DE ASSIS,RIO GRANDE DO SUL,431810
MARQUES DE SOUZA,RIO GRANDE DO SUL,431205
MANOEL VIANA,RIO GRANDE DO SUL,431175
GARIBALDI,RIO GRANDE DO SUL,430860
MAMPITUBA,RIO GRANDE DO SUL,431173
PASSO DE TORRES,SANTA CATARINA,421225
TRAVESSEIRO,RIO GRANDE DO SUL,432162
BOQUEIRAO DO LEAO,RIO GRANDE DO SUL,430245
GRAMADO XAVIER,RIO GRANDE DO SUL,430915
TORRES,RIO GRANDE DO SUL,432150
CAPITAO,RIO GRANDE DO SUL,430469
CANELA,RIO GRANDE DO SUL,430440
MORRINHOS DO SUL,RIO GRANDE DO SUL,431244
CARLOS BARBOSA,RIO GRANDE DO SUL,430480
GRAMADO,RIO GRANDE DO SUL,430910
LAJEADO,RIO GRANDE DO SUL,431140
ARROIO DO MEIO,RIO GRANDE DO SUL,430100
NOVA PETROPOLIS,RIO GRANDE DO SUL,431320
JAGUARI,RIO GRANDE DO SUL,431110
VALE REAL,RIO GRANDE DO SUL,432254
IMIGRANTE,RIO GRANDE DO SUL,431036
BOA VISTA DO SUL,RIO GRANDE DO SUL,430225
ALEGRETE,RIO GRANDE DO SUL,430040
SINIMBU,RIO GRANDE DO SUL,432067
NOVA PALMA,RIO GRANDE DO SUL,431310
DOM PEDRO DE ALCANTARA,RIO GRANDE DO SUL,430655
NOVA ESPERANCA DO SUL,RIO GRANDE DO SUL,431303
ALTO FELIZ,RIO GRANDE DO SUL,430057
PASSA SETE,RIO GRANDE DO SUL,431406
TERRA DE AREIA,RIO GRANDE DO SUL,432143
SOBRADINHO,RIO GRANDE DO SUL,432070
TRES FORQUILHAS,RIO GRANDE DO SUL,432183
VENANCIO AIRES,RIO GRANDE DO SUL,432260
COLINAS,RIO GRANDE DO SUL,430558
SAO MARTINHO DA SERRA,RIO GRANDE DO SUL,431912
IBARAMA,RIO GRANDE DO SUL,430975
SAO VENDELINO,RIO GRANDE DO SUL,431975
BARAO,RIO GRANDE DO SUL,430165
SERIO,RIO GRANDE DO SUL,432045
SANTA CRUZ DO SUL,RIO GRANDE DO SUL,431680
TRES CACHOEIRAS,RIO GRANDE DO SUL,432166
TEUTONIA,RIO GRANDE DO SUL,432145
FELIZ,RIO GRANDE DO SUL,430810
HERVEIRAS,RIO GRANDE DO SUL,430957
BOM PRINCIPIO,RIO GRANDE DO SUL,430235
PICADA CAFE,RIO GRANDE DO SUL,431442
POCO DAS ANTAS,RIO GRANDE DO SUL,431475
URUGUAIANA,RIO GRANDE DO SUL,432240
SAO PEDRO DA SERRA,RIO GRANDE DO SUL,431935
TRES COROAS,RIO GRANDE DO SUL,432170
SALVADOR DO SUL,RIO GRANDE DO SUL,431650
LINHA NOVA,RIO GRANDE DO SUL,431164
SANTA MARIA DO HERVAL,RIO GRANDE DO SUL,431695
TOROPI,RIO GRANDE DO SUL,432149
ESTRELA,RIO GRANDE DO SUL,430780
SANTA CLARA DO SUL,RIO GRANDE DO SUL,431675
ARROIO DO SAL,RIO GRANDE DO SUL,430105
TUPANDI,RIO GRANDE DO SUL,432225
VALE DO SOL,RIO GRANDE DO SUL,432253
MAQUINE,RIO GRANDE DO SUL,431177
IVORA,RIO GRANDE DO SUL,431075
MATA,RIO GRANDE DO SUL,431210
AGUDO,RIO GRANDE DO SUL,430010
SAO PEDRO DO SUL,RIO GRANDE DO SUL,431940
ITAARA,RIO GRANDE DO SUL,431053
BROCHIER,RIO GRANDE DO SUL,430265
MORRO REUTER,RIO GRANDE DO SUL,431247
CRUZEIRO DO SUL,RIO GRANDE DO SUL,430620
TAQUARA,RIO GRANDE DO SUL,432120
MARATA,RIO GRANDE DO SUL,431179
MATO LEITAO,RIO GRANDE DO SUL,431215
SAO JOSE DO HORTENCIO,RIO GRANDE DO SUL,431848
DONA FRANCISCA,RIO GRANDE DO SUL,430670
PRESIDENTE LUCENA,RIO GRANDE DO SUL,431514
FAXINAL DO SOTURNO,RIO GRANDE DO SUL,430800
CANDELARIA,RIO GRANDE DO SUL,430420
RIOZINHO,RIO GRANDE DO SUL,431575
SANTA MARIA,RIO GRANDE DO SUL,431690
HARMONIA,RIO GRANDE DO SUL,430955
PAVERAMA,RIO GRANDE DO SUL,431415
IGREJINHA,RIO GRANDE DO SUL,431010
SAO SEBASTIAO DO CAI,RIO GRANDE DO SUL,431950
SAO VICENTE DO SUL,RIO GRANDE DO SUL,431980
FAZENDA VILANOVA,RIO GRANDE DO SUL,430807
CERRO BRANCO,RIO GRANDE DO SUL,430513
IVOTI,RIO GRANDE DO SUL,431080
ROLANTE,RIO GRANDE DO SUL,431600
SAPIRANGA,RIO GRANDE DO SUL,431990
LINDOLFO COLLOR,RIO GRANDE DO SUL,431162
DOIS IRMAOS,RIO GRANDE DO SUL,430640
NOVA HARTZ,RIO GRANDE DO SUL,431306
PARAISO DO SUL,RIO GRANDE DO SUL,431402
BOM RETIRO DO SUL,RIO GRANDE DO SUL,430240
PARECI NOVO,RIO GRANDE DO SUL,431403
MONTENEGRO,RIO GRANDE DO SUL,431240
SILVEIRA MARTINS,RIO GRANDE DO SUL,432065
VERA CRUZ,RIO GRANDE DO SUL,432270
PORTAO,RIO GRANDE DO SUL,431480
PAROBE,RIO GRANDE DO SUL,431405
SAO JOAO DO POLESINE,RIO GRANDE DO SUL,431843
ARARICA,RIO GRANDE DO SUL,430087
CAPAO DA CANOA,RIO GRANDE DO SUL,430463
TABAI,RIO GRANDE DO SUL,432085
ESTANCIA VELHA,RIO GRANDE DO SUL,430760
TAQUARI,RIO GRANDE DO SUL,432130
CAMPO BOM,RIO GRANDE DO SUL,430390
RESTINGA SECA,RIO GRANDE DO SUL,431550
CAPELA DE SANTANA,RIO GRANDE DO SUL,430468
TRIUNFO,RIO GRANDE DO SUL,432200
NOVO HAMBURGO,RIO GRANDE DO SUL,431340
NOVO CABRAIS,RIO GRANDE DO SUL,431339
SANTO ANTONIO DA PATRULHA,RIO GRANDE DO SUL,431760
PASSO DO SOBRADO,RIO GRANDE DO SUL,431407
SAO LEOPOLDO,RIO GRANDE DO SUL,431870
CARAA,RIO GRANDE DO SUL,430471
DILERMANDO DE AGUIAR,RIO GRANDE DO SUL,430637
VALE VERDE,RIO GRANDE DO SUL,432252
GENERAL CAMARA,RIO GRANDE DO SUL,430880
OSORIO,RIO GRANDE DO SUL,431350
CACEQUI,RIO GRANDE DO SUL,430290
NOVA SANTA RITA,RIO GRANDE DO SUL,431337
XANGRI-LA,RIO GRANDE DO SUL,432380
GRAVATAI,RIO GRANDE DO SUL,430920
GLORINHA,RIO GRANDE DO SUL,430905
RIO PARDO,RIO GRANDE DO SUL,431570
SAPUCAIA DO SUL,RIO GRANDE DO SUL,432000
CACHOEIRA DO SUL,RIO GRANDE DO SUL,430300
ESTEIO,RIO GRANDE DO SUL,430770
CANOAS,RIO GRANDE DO SUL,430460
FORMIGUEIRO,RIO GRANDE DO SUL,430840
CACHOEIRINHA,RIO GRANDE DO SUL,430310
IMBE,RIO GRANDE DO SUL,431033
SAO SEPE,RIO GRANDE DO SUL,431960
SAO GABRIEL,RIO GRANDE DO SUL,431830
BUTIA,RIO GRANDE DO SUL,430270
CHARQUEADAS,RIO GRANDE DO SUL,430535
PORTO ALEGRE,RIO GRANDE DO SUL,431490
MINAS DO LEAO,RIO GRANDE DO SUL,431225
SAO JERONIMO,RIO GRANDE DO SUL,431840
BARRA DO QUARAI,RIO GRANDE DO SUL,430187
ELDORADO DO SUL,RIO GRANDE DO SUL,430676
ALVORADA,RIO GRANDE DO SUL,430060
VIAMAO,RIO GRANDE DO SUL,432300
TRAMANDAI,RIO GRANDE DO SUL,432160
ARROIO DOS RATOS,RIO GRANDE DO SUL,430110
ROSARIO DO SUL,RIO GRANDE DO SUL,431640
LAGOA DOS PATOS,RIO GRANDE DO SUL,430000
CIDREIRA,RIO GRANDE DO SUL,430545
CAPIVARI DO SUL,RIO GRANDE DO SUL,430467
QUARAI,RIO GRANDE DO SUL,431530
GUAIBA,RIO GRANDE DO SUL,430930
PANTANO GRANDE,RIO GRANDE DO SUL,431395
CACAPAVA DO SUL,RIO GRANDE DO SUL,430280
BALNEARIO PINHAL,RIO GRANDE DO SUL,430163
MARIANA PIMENTEL,RIO GRANDE DO SUL,431198
PALMARES DO SUL,RIO GRANDE DO SUL,431365
VILA NOVA DO SUL,RIO GRANDE DO SUL,432345
ENCRUZILHADA DO SUL,RIO GRANDE DO SUL,430690
BARRA DO RIBEIRO,RIO GRANDE DO SUL,430190
SANTANA DO LIVRAMENTO,RIO GRANDE DO SUL,431710
BARAO DO TRIUNFO,RIO GRANDE DO SUL,430175
DOM FELICIANO,RIO GRANDE DO SUL,430650
SERTAO SANTANA,RIO GRANDE DO SUL,432055
SANTANA DA BOA VISTA,RIO GRANDE DO SUL,431700
CERRO GRANDE DO SUL,RIO GRANDE DO SUL,430517
TAPES,RIO GRANDE DO SUL,432110
LAVRAS DO SUL,RIO GRANDE DO SUL,431150
MOSTARDAS,RIO GRANDE DO SUL,431250
SENTINELA DO SUL,RIO GRANDE DO SUL,432035
CAMAQUA,RIO GRANDE DO SUL,430350
DOM PEDRITO,RIO GRANDE DO SUL,430660
AMARAL FERRADOR,RIO GRANDE DO SUL,430063
CHUVISCA,RIO GRANDE DO SUL,430544
ARAMBARE,RIO GRANDE DO SUL,430085
BAGE,RIO GRANDE DO SUL,430160
CRISTAL,RIO GRANDE DO SUL,430605
CANGUCU,RIO GRANDE DO SUL,430450
PIRATINI,RIO GRANDE DO SUL,431460
PINHEIRO MACHADO,RIO GRANDE DO SUL,431450
SAO LOURENCO DO SUL,RIO GRANDE DO SUL,431880
TAVARES,RIO GRANDE DO SUL,432135
HULHA NEGRA,RIO GRANDE DO SUL,430965
CANDIOTA,RIO GRANDE DO SUL,430435
PELOTAS,RIO GRANDE DO SUL,431440
TURUCU,RIO GRANDE DO SUL,432232
SAO JOSE DO NORTE,RIO GRANDE DO SUL,431850
MORRO REDONDO,RIO GRANDE DO SUL,431245
CERRITO,RIO GRANDE DO SUL,430512
HERVAL,RIO GRANDE DO SUL,430710
CAPAO DO LEAO,RIO GRANDE DO SUL,430466
RIO GRANDE,RIO GRANDE DO SUL,431560
PEDRO OSORIO,RIO GRANDE DO SUL,431420
ARROIO GRANDE,RIO GRANDE DO SUL,430130
LAGOA MIRIM,RIO GRANDE DO SUL,430000
JAGUARAO,RIO GRANDE DO SUL,431100
SANTA VITORIA DO PALMAR,RIO GRANDE DO SUL,431730
CHUI,RIO GRANDE DO SUL,430543
